event
001059.08203125 -000000007.8125 000039.55078125 -0005 -0001 00000
001051.02539062 -0005.126953125 000125.48828125 -0018 -0001 00001
001046.38671875 0000024.4140625 00152.587890625 -0042 -0001 00001
001058.10546875 000078.61328125 0000106.4453125 -0059 00000 00001
000001035.15625 00076.416015625 000002.44140625 -0067 -0002 00001
001037.35351562 00095.458984375 -000041.9921875 -0068 -0001 00001
001042.72460938 000083.49609375 -000032.2265625 -0065 -0001 00001
001035.88867188 00000000046.875 -00070.80078125 -0060 -0001 00001
000001050.78125 00035.888671875 -0087.646484375 -0051 -0001 00001
00001033.203125 00022.216796875 -00122.55859375 -0038 -0001 00001
001057.12890625 -0005.615234375 -0087.158203125 -0021 -0001 00001
0000001039.0625 -0016.357421875 -0052.490234375 -0013 00001 00000
00001048.828125 -000020.5078125 000015.13671875 00002 -0003 00000
event
001041.74804688 -0014.404296875 00027.099609375 -0005 -0001 00000
001032.71484375 -0002.197265625 000090.33203125 -0014 -0001 00000
001046.14257812 000009.27734375 00094.482421875 -0029 -0001 00001
00001033.203125 00035.400390625 00079.345703125 -0042 -0001 00001
001041.74804688 00052.490234375 00050.537109375 -0052 -0001 00001
001045.16601562 00066.162109375 000007.32421875 -0057 -0001 00001
00000001046.875 000068.84765625 -0027.587890625 -0057 -0001 00001
0001041.9921875 00062.255859375 -000018.5546875 -0055 -0001 00001
001045.16601562 000046.38671875 -000040.0390625 -0052 -0001 00001
001046.38671875 000025.87890625 -0062.255859375 -0045 -0001 00001
00001041.015625 00018.310546875 -0104.248046875 -0036 -0001 00001
0001043.9453125 00014.892578125 -00113.76953125 -0020 -0001 00001
00401.611328125 -0000244.140625 00911.376953125 -0009 -0024 00001
001079.83398438 00020.263671875 0000079.1015625 -0002 00000 00000
001040.77148438 -00030.76171875 -0178.466796875 -0004 00001 00001
event
001041.25976562 -0000005.859375 0000061.5234375 -0006 -0001 00000
001045.16601562 00004.150390625 00195.068359375 -0025 -0001 00000
001050.29296875 00083.251953125 00248.779296875 -0061 -0001 00001
001043.70117188 000153.80859375 00037.353515625 -0083 -0001 00001
00001197.265625 00230.224609375 000331.54296875 -0083 -0005 00000
0001026.3671875 00114.013671875 -00113.76953125 -0077 -0002 00001
001004.39453125 00085.205078125 -0075.439453125 -0064 -0004 00001
001037.84179688 00061.767578125 -0091.064453125 -0050 -0002 00001
0001040.0390625 00013.916015625 -0111.572265625 -0034 -0001 00001
001031.49414062 -0009.033203125 -0100.830078125 -0016 -0001 00001
001054.19921875 -00013.18359375 -00051.26953125 -0007 00000 00000
event
001043.70117188 -0000009.765625 00018.798828125 -0009 -0001 00000
001061.03515625 -00010.25390625 00038.330078125 -0015 -0001 00000
001045.16601562 -00001.46484375 00029.541015625 -0022 -0001 00000
00000001046.875 00000.732421875 000000027.34375 -0028 -0001 00001
001044.67773438 000015.13671875 000020.99609375 -0032 -0001 00001
001043.45703125 00019.287109375 0000000007.8125 -0036 -0001 00001
001033.93554688 000023.92578125 000007.32421875 -0040 -0001 00000
001049.31640625 00027.099609375 0000008.7890625 -0042 -0001 00001
001049.07226562 000027.83203125 000000011.71875 -0044 -0001 00001
0001040.0390625 00029.052734375 00006.103515625 -0045 -0001 00001
001041.74804688 000045.41015625 -0012.451171875 -0046 -0001 00001
00000001046.875 00032.958984375 -0035.400390625 -0044 -0001 00001
001037.59765625 0000016.6015625 -000000085.9375 -0037 -0001 00001
0001053.7109375 -0005.126953125 -0000107.421875 -0025 -0001 00000
001048.09570312 -00007.32421875 -0079.345703125 -0012 00001 00000
001045.41015625 -0013.427734375 -0023.681640625 -0007 -0001 00000
event
001050.04882812 -00011.23046875 000000074.21875 -0007 00000 00000
001044.18945312 -000000.9765625 000154.78515625 -0023 -0001 00001
001060.05859375 00043.701171875 00000000171.875 -0048 -0001 00001
001044.18945312 00116.455078125 00000123.046875 -0073 -0001 00001
00001072.265625 0000000148.4375 -0011.474609375 -0081 00001 00001
001001.22070312 000134.27734375 -00022.94921875 -0078 -0003 00001
000000001031.25 00000000078.125 -00096.19140625 -0069 -0001 00001
001056.88476562 000038.57421875 -0152.099609375 -0049 -0001 00001
000001042.96875 00004.638671875 -0160.888671875 -0030 -0001 00001
001048.09570312 -0009.521484375 -00082.51953125 -0011 -0001 00000
001043.21289062 -0007.080078125 -0026.123046875 -0007 -0001 00000
0001047.8515625 -0013.427734375 -00028.80859375 -0005 -0001 00000
event
001061.27929688 -0001.220703125 000056.15234375 -0008 -0001 00000
001041.50390625 00000.244140625 000054.19921875 -0016 -0001 00000
00001041.015625 000000.48828125 000045.41015625 -0023 -0001 00000
001050.53710938 00007.568359375 000025.87890625 -0029 -0001 00001
001048.09570312 00000001.953125 00000009.765625 -0034 -0001 00000
001041.74804688 00016.357421875 -00000.48828125 -0035 -0001 00001
00000001046.875 000015.13671875 -00000011.71875 -0034 -0001 00001
001031.49414062 00009.521484375 -000000007.8125 -0033 -0001 00001
001046.14257812 00011.962890625 -0000000015.625 -0033 -0001 00001
001048.09570312 000000011.71875 -00000011.71875 -0032 -0001 00001
001045.65429688 00012.451171875 -0000001.953125 -0031 -0001 00001
001042.48046875 0000004.8828125 -00014.16015625 -0030 -0001 00001
0001045.8984375 00004.150390625 -0021.728515625 -0029 -0001 00001
001047.36328125 00000005.859375 -0024.169921875 -0027 -0001 00000
001049.07226562 -0002.685546875 -0027.099609375 -0025 -0001 00001
00001041.015625 -0001.708984375 -00032.71484375 -0021 -0001 00000
001040.52734375 -0007.080078125 -00043.45703125 -0017 -0001 00000
001050.04882812 -0008.056640625 -0032.470703125 -0013 -0001 00001
00000001046.875 -0009.521484375 -000032.2265625 -0009 -0001 00000
001023.92578125 00026.123046875 00190.673828125 00003 00000 00000
001040.52734375 -0022.216796875 00095.458984375 -0002 00001 00000
event
001040.28320312 -00002.44140625 -00034.66796875 -0001 -0001 00000
001031.49414062 -0012.451171875 -0056.396484375 00005 -0001 00000
0001043.9453125 -000008.7890625 -0053.955078125 00012 -0001 00000
001045.41015625 -0001.708984375 -0048.095703125 00019 -0001 00000
001042.48046875 00005.615234375 -000032.2265625 00025 -0002 00000
001042.23632812 00010.009765625 -0030.029296875 00028 -0001 00000
001042.48046875 00000000015.625 -000002.9296875 00030 00001 00000
0001040.0390625 00013.427734375 -000000007.8125 00030 00000 00000
0001040.0390625 00009.521484375 -000000007.8125 00031 00000 00000
00000001046.875 00019.775390625 -0028.076171875 00031 00000 00000
001052.97851562 00010.986328125 -0011.474609375 00030 00000 00000
001038.81835938 00000.244140625 -0000000015.625 00029 -0001 00000
001031.73828125 00016.845703125 00003.662109375 00028 00000 00000
0001040.0390625 00010.009765625 00013.427734375 00027 00000 00000
0001043.9453125 00007.080078125 00003.662109375 00025 00000 00000
001047.36328125 000003.41796875 00029.052734375 00022 -0001 00000
001061.27929688 0000002.9296875 0000000039.0625 00017 -0001 00000
001046.63085938 -0000009.765625 00052.978515625 00007 -0001 00000
001044.67773438 -0007.568359375 000021.97265625 00000 -0001 00000
event
0001036.1328125 -0014.892578125 0000051.7578125 -0011 -0001 00001
001051.26953125 -00010.25390625 00000000078.125 -0022 -0001 00001
001060.05859375 00016.845703125 000060.05859375 -0033 -0001 00001
001043.70117188 00040.771484375 00000000015.625 -0041 -0001 00001
001045.65429688 0000038.0859375 0000012.6953125 -0044 -0001 00001
001041.50390625 000039.55078125 -00021.97265625 -0045 -0001 00001
001051.51367188 00028.076171875 -00009.27734375 -0044 -0001 00001
001046.63085938 00028.076171875 -0000021.484375 -0043 -0001 00001
001031.98242188 00022.216796875 -0019.287109375 -0041 -0001 00001
001045.65429688 00021.240234375 -0016.357421875 -0038 -0001 00001
001044.43359375 00020.263671875 -000055.6640625 -0034 -0001 00001
001041.50390625 0000004.8828125 -00048.33984375 -0029 -0001 00001
001047.60742188 -0006.591796875 -0084.716796875 -0021 -0001 00001
001036.86523438 -0029.052734375 -00052.24609375 -0011 -0001 00000
001047.11914062 -0014.892578125 -00001.46484375 -0010 -0001 00000
001037.84179688 -0017.333984375 00151.611328125 00000 00003 00000
event
001031.49414062 -00013.18359375 00035.400390625 -0005 -0001 00000
001045.41015625 -000004.8828125 00123.779296875 -0017 -0001 00000
001041.50390625 00021.240234375 000134.27734375 -0037 -0001 00001
001045.65429688 000065.91796875 00000080.078125 -0056 -0001 00001
001053.95507812 00068.115234375 00009.521484375 -0061 00001 00001
001039.55078125 000074.70703125 -0027.587890625 -0061 -0001 00001
001041.50390625 00069.091796875 -0010.498046875 -0057 -0001 00001
001042.23632812 00054.443359375 -0000033.203125 -0054 -0001 00001
001042.23632812 000043.45703125 -0070.556640625 -0049 -0001 00001
001040.77148438 00012.451171875 -0133.056640625 -0037 -0001 00001
0001061.5234375 -0011.962890625 -0115.478515625 -0017 -0001 00000
001045.65429688 -0007.568359375 -0032.958984375 -0012 -0001 00000
00001080.078125 00002.685546875 00072.998046875 00004 -0004 00000
event
001045.41015625 -0010.986328125 000069.82421875 -0011 00000 00000
0001043.9453125 00004.638671875 00085.205078125 -0025 -0001 00000
001062.25585938 000028.80859375 00059.326171875 -0037 -0001 00001
0001040.0390625 000000000031.25 00009.521484375 -0044 -0001 00001
001045.41015625 0000034.1796875 0000014.6484375 -0047 -0001 00001
001047.36328125 00043.212890625 000030.76171875 -0050 -0001 00001
0001061.5234375 000052.24609375 00010.009765625 -0052 -0001 00001
001054.44335938 00049.560546875 -0026.611328125 -0053 -0001 00001
001046.63085938 00000041.015625 -00029.78515625 -0050 -0001 00001
001041.74804688 0000036.1328125 -0037.841796875 -0047 -0001 00001
001049.31640625 00000021.484375 -0092.529296875 -0039 -0001 00001
001041.74804688 -0000.732421875 -0134.521484375 -0024 -0001 00001
001044.43359375 -0010.498046875 -0027.587890625 -0016 -0001 00000
00769.775390625 -0155.029296875 00466.552734375 -0007 00002 -0001
0001051.7578125 -0049.560546875 000189.94140625 00000 00001 00000
0000001054.6875 -0000009.765625 -00122.55859375 -0001 -0002 00000
00001048.828125 -0011.962890625 00038.818359375 00000 -0001 00000
event
001042.23632812 -0014.404296875 00000025.390625 -0005 -0001 00000
001037.35351562 -0007.568359375 00075.439453125 -0014 -0001 00000
001061.27929688 00005.126953125 000082.51953125 -0027 -0001 00001
001053.46679688 00026.611328125 000000074.21875 -0039 -0001 00001
001050.04882812 0000041.9921875 00000052.734375 -0049 -0001 00001
001047.36328125 00064.697265625 00000029.296875 -0058 -0001 00001
001042.23632812 00077.880859375 -0025.146484375 -0061 -0001 00001
0001040.0390625 0000065.4296875 -0049.560546875 -0059 -0001 00001
0001043.9453125 000046.38671875 -0100.830078125 -0050 -0001 00001
001061.27929688 00018.310546875 -00130.37109375 -0037 -0001 00001
001045.65429688 -000014.6484375 -0105.224609375 -0021 -0001 00000
001060.30273438 -0000013.671875 -00000027.34375 -0014 -0001 00000
001048.09570312 -0014.404296875 -000012.6953125 -0012 -0001 00000
00963.134765625 0000065.4296875 -001375.9765625 -0010 00003 00000
001057.12890625 -0203.857421875 00566.650390625 -0003 00005 -0001
001072.02148438 -00020.99609375 -000249.0234375 -0005 00001 00001
event
001047.36328125 -00011.23046875 000029.78515625 -0008 -0001 00000
001049.07226562 -0007.080078125 00039.794921875 -0013 -0001 00000
0001045.8984375 -0000.244140625 00075.439453125 -0022 -0001 00000
001052.49023438 00001.708984375 00057.861328125 -0033 -0001 00001
001041.50390625 000020.99609375 0000022.4609375 -0040 -0001 00001
001032.95898438 00046.142578125 00007.568359375 -0044 -0001 00001
001046.14257812 000035.64453125 -000014.6484375 -0046 -0001 00001
001038.57421875 00040.771484375 -0000009.765625 -0047 -0001 00001
001037.59765625 00037.841796875 -0007.080078125 -0047 -0001 00001
00001044.921875 00042.236328125 -00020.01953125 -0047 -0001 00001
001043.70117188 00037.353515625 -00046.38671875 -0046 -0001 00001
001061.03515625 00000.732421875 -0106.201171875 -0038 -0001 00000
001033.93554688 -0010.009765625 -0123.779296875 -0021 -0001 00000
001043.70117188 -0003.662109375 -00050.29296875 -0012 -0001 00000
001038.33007812 -0006.103515625 -00000019.53125 -0008 -0001 00000
event
001052.00195312 -0004.638671875 0000180.6640625 -0019 -0001 00000
001052.97851562 00007.568359375 -0027.587890625 -0029 00000 00001
00000001046.875 000006.34765625 -00050.29296875 -0028 00001 00001
001039.30664062 -0013.427734375 -00013.18359375 -0027 -0001 00001
001040.77148438 00009.521484375 -00000.48828125 -0027 -0001 00001
001051.02539062 -0001.708984375 -000010.7421875 -0026 -0001 00001
001031.49414062 000000.48828125 -00000011.71875 -0026 -0001 00000
001044.18945312 00000013.671875 -0029.541015625 -0025 -0001 00001
001049.31640625 00004.150390625 -0011.474609375 -0024 -0001 00001
001052.00195312 -0004.638671875 -000014.6484375 -0023 -0001 00001
001049.31640625 -0002.685546875 -0002.197265625 -0023 -0001 00001
001045.41015625 -00000003.90625 -0023.193359375 -0022 -0001 00001
0001045.8984375 -00008.30078125 -0019.775390625 -0021 -0001 00000
001050.04882812 -0003.173828125 -00016.11328125 -0020 -0001 00000
001046.14257812 -000006.8359375 -0011.962890625 -0020 -0001 00000
001047.60742188 -00000.48828125 -0003.173828125 -0019 -0001 00000
001040.52734375 -0008.056640625 -00011.23046875 -0018 -0001 00001
001038.33007812 -00010.25390625 -00000.48828125 -0017 -0001 00000
001052.24609375 -0010.009765625 -0007.568359375 -0016 -0001 00001
001047.60742188 -0005.126953125 -00011.23046875 -0015 -0001 00000
001040.52734375 -0007.568359375 -000012.6953125 -0014 -0001 00000
0001041.9921875 -00010.25390625 -00018.06640625 -0013 -0001 00000
001053.95507812 -0009.521484375 -0020.751953125 -0012 -0001 00000
001046.38671875 -0000001.953125 -00001.46484375 -0011 -0001 00000
001051.26953125 -0012.939453125 -000016.6015625 -0010 00000 00000
event
001059.81445312 -0000000015.625 00039.794921875 -0006 -0001 00000
001044.43359375 -0007.080078125 0000081.0546875 -0016 -0001 00001
001044.18945312 000010.25390625 00063.232421875 -0029 -0001 00001
001039.55078125 000026.85546875 0000028.3203125 -0039 -0001 00001
001031.49414062 0000016.6015625 00023.681640625 -0043 -0001 00001
001045.41015625 000033.69140625 00003.662109375 -0045 -0001 00001
001046.63085938 00038.330078125 -00011.23046875 -0047 -0001 00001
001050.53710938 00036.865234375 -00013.18359375 -0047 -0001 00001
001047.11914062 00028.564453125 -0048.095703125 -0045 -0001 00001
001043.45703125 000000011.71875 -0065.673828125 -0038 -0001 00001
001035.64453125 -0000001.953125 -0085.693359375 -0028 -0001 00001
001042.23632812 -000008.7890625 -0049.072265625 -0020 -0001 00000
001047.11914062 -000008.7890625 -0058.837890625 -0014 -0001 00000
001048.09570312 -0010.986328125 -0024.169921875 -0009 -0001 00000
001048.58398438 -0011.962890625 -00019.04296875 -0008 -0001 00000
00001048.828125 -000012.6953125 -0002.685546875 -0008 -0001 00000
001049.56054688 -000010.7421875 -00020.01953125 -0007 -0001 00000
001049.07226562 -0009.033203125 -0022.216796875 -0005 -0001 00000
event
001045.41015625 -00013.18359375 -0009.521484375 -0003 -0001 00000
001045.65429688 -00009.27734375 00000060.546875 -0006 -0001 00001
000001042.96875 -0009.033203125 000000089.84375 -0018 -0001 00001
001041.25976562 000014.16015625 0000124.0234375 -0034 -0001 00001
001044.18945312 0000000054.6875 00105.224609375 -0053 -0001 00001
001047.60742188 00108.154296875 000033.69140625 -0065 -0001 00001
001032.95898438 00103.759765625 -00001.46484375 -0070 -0001 00001
001050.29296875 00104.736328125 -0000000015.625 -0070 -0001 00001
00001041.015625 00089.111328125 -0084.228515625 -0067 -0001 00001
0001041.9921875 00046.630859375 -0141.357421875 -0054 -0001 00001
0001032.2265625 00007.080078125 -00148.92578125 -0032 -0001 00001
001062.25585938 -0007.568359375 -0000021.484375 -0019 -0001 00001
001061.76757812 -0007.568359375 -0000021.484375 -0017 -0001 00000
0000001007.8125 00019.287109375 00258.544921875 00006 -0001 00000
0001073.2421875 -0031.005859375 00545.654296875 -0005 00003 00001
001022.70507812 -000000023.4375 00181.396484375 -0004 -0001 00000
event
001023.92578125 -00015.13671875 0000122.0703125 -0009 -0002 00000
001047.36328125 00017.822265625 00000197.265625 -0033 -0001 00001
001047.60742188 000000066.40625 00135.009765625 -0058 -0001 00001
001028.80859375 00105.224609375 00018.798828125 -0070 -0001 00001
001068.60351562 000108.88671875 -0000076.171875 -0070 00001 00001
001061.27929688 000097.16796875 -00045.41015625 -0068 -0001 00001
001042.23632812 00074.462890625 -00108.88671875 -0061 -0001 00001
001045.41015625 0000038.0859375 -0136.962890625 -0042 -0001 00001
001044.18945312 000004.39453125 -000100.5859375 -0029 -0001 00001
001047.11914062 0000000.9765625 -0000076.171875 -0016 -0001 00000
00943.603515625 -0010.986328125 000177.24609375 00002 -0003 00000
event
0001059.5703125 -0000005.859375 00000130.859375 -0009 -0001 00000
001048.33984375 000000027.34375 00170.654296875 -0039 00000 00001
001042.23632812 000057.12890625 000000066.40625 -0054 -0001 00001
001080.32226562 00000087.890625 -000116.2109375 -0059 00000 00001
001037.59765625 0000069.3359375 -00033.69140625 -0057 -0001 00001
000001042.96875 00047.607421875 -00054.19921875 -0050 -0001 00001
001041.50390625 00027.587890625 -0071.533203125 -0042 -0001 00001
0001045.8984375 00004.150390625 -0070.556640625 -0034 -0001 00001
000001035.15625 000002.44140625 -000069.3359375 -0026 -0001 00001
001049.56054688 -0006.103515625 -000036.1328125 -0020 -0001 00000
001034.42382812 -0010.009765625 -0000000046.875 -0017 -0001 00000
001038.57421875 -0015.380859375 -0041.259765625 -0012 -0001 00000
0001051.7578125 -0012.451171875 -0021.728515625 -0009 -0001 00000
001057.86132812 -0012.939453125 -0024.658203125 -0007 -0001 00000
00001060.546875 -0015.380859375 -00006.34765625 -0006 -0001 00000
001044.18945312 -0009.033203125 -000010.7421875 -0006 -0001 00000
event
0001043.9453125 -0010.498046875 00066.650390625 -0005 -0001 00000
0001045.8984375 -0000001.953125 000075.68359375 -0014 -0001 00000
001041.50390625 00000001.953125 0000000085.9375 -0023 -0001 00000
001045.41015625 00002.685546875 -0010.986328125 -0026 -0001 00001
00001044.921875 000002.44140625 -0000013.671875 -0025 -0001 00001
001046.14257812 00000.244140625 -0000029.296875 -0024 -0001 00001
001050.29296875 -0005.126953125 -00010.25390625 -0024 -0001 00000
001047.60742188 -0001.708984375 -00014.16015625 -0023 -0001 00000
001044.43359375 -0001.708984375 -000006.8359375 -0022 -0001 00001
001056.15234375 -000014.6484375 -0001.220703125 -0022 -0001 00000
001045.16601562 -00000003.90625 -0015.869140625 -0021 -0001 00000
001048.33984375 -000002.9296875 -0024.658203125 -0020 -0001 00000
001045.65429688 -00005.37109375 -000018.5546875 -0019 -0001 00000
001043.70117188 -0006.103515625 -0028.564453125 -0019 -0001 00000
0001059.5703125 -00011.23046875 -000016.6015625 -0018 -0001 00000
001048.33984375 -0010.009765625 -00022.94921875 -0017 -0001 00000
001050.04882812 -00009.27734375 -00008.30078125 -0016 -0001 00000
001046.38671875 -0010.986328125 -0015.380859375 -0015 -0001 00000
001044.18945312 -000000007.8125 -0010.009765625 -0015 -0001 00000
001054.19921875 -00015.13671875 -0021.240234375 -0014 -0001 00000
001045.65429688 -0000013.671875 -0013.916015625 -0013 -0001 00001
000001035.15625 -00014.16015625 -0010.986328125 -0012 -0001 00000
001050.29296875 -0010.498046875 -0018.798828125 -0011 -0001 00000
001047.60742188 -000012.6953125 -0009.521484375 -0010 -0001 00000
001047.11914062 -0015.380859375 -0000009.765625 -0009 -0001 00000
001047.36328125 -00014.16015625 -00015.13671875 -0008 -0001 00000
001050.29296875 -0000009.765625 -000010.7421875 -0007 -0001 00000
001047.11914062 -00010.25390625 -0000021.484375 -0007 -0001 00000
event
001050.29296875 -000010.7421875 000071.77734375 -0015 -0001 00000
001040.77148438 0000014.6484375 00046.142578125 -0024 -0001 00001
0001049.8046875 0000012.6953125 00030.029296875 -0031 -0001 00001
001039.79492188 000009.27734375 00005.126953125 -0034 -0001 00001
0001047.8515625 000017.08984375 000011.23046875 -0036 -0001 00001
0001040.0390625 00018.798828125 -00014.16015625 -0037 -0001 00001
001021.24023438 00022.216796875 000000089.84375 -0038 -0004 00001
001056.88476562 00043.701171875 -0053.955078125 -0040 00000 00001
0000001039.0625 00023.681640625 -0030.517578125 -0040 -0001 00001
001043.70117188 00012.939453125 -0072.509765625 -0034 -0001 00000
001046.63085938 000002.44140625 -0000044.921875 -0026 -0001 00001
0001051.7578125 -0000000015.625 -00023.92578125 -0022 -0001 00001
001034.66796875 -0005.126953125 -000022.4609375 -0019 -0001 00000
001049.56054688 -0005.615234375 -00000003.90625 -0017 -0001 00000
001052.00195312 -0010.986328125 -0000013.671875 -0017 -0001 00000
001036.37695312 -0007.080078125 -0021.240234375 -0017 -0001 00000
001041.74804688 -0011.962890625 -00040.52734375 -0013 -0001 00000
001045.65429688 -0014.892578125 -0002.197265625 -0011 -0001 00000
000001019.53125 00005.615234375 00188.720703125 00001 00000 00000
event
0001045.8984375 -00009.27734375 000104.98046875 -0017 -0001 00000
001045.41015625 00022.705078125 000112.79296875 -0037 -0001 00001
00001064.453125 00049.072265625 000057.12890625 -0051 00001 00001
001038.81835938 00069.091796875 0000028.3203125 -0057 -0001 00001
001042.48046875 000065.91796875 -00019.04296875 -0057 -0001 00001
001044.43359375 00052.490234375 -0031.982421875 -0055 -0001 00001
001044.43359375 00054.931640625 -0023.681640625 -0054 -0001 00001
000001042.96875 0000049.8046875 -0012.451171875 -0053 -0001 00001
001051.02539062 00000029.296875 -00156.73828125 -0047 -0001 00001
001040.77148438 000006.34765625 -0000083.984375 -0029 -0001 00001
001047.60742188 -00006.34765625 -0000056.640625 -0020 -0001 00000
001045.16601562 -0010.009765625 -00062.01171875 -0013 -0001 00000
00001060.546875 -0013.916015625 -00035.64453125 -0006 -0001 00001
event
0001045.8984375 -0009.521484375 0000034.1796875 -0005 -0001 00000
001049.31640625 -00013.18359375 000061.03515625 -0011 -0001 00000
001061.03515625 00004.150390625 00067.626953125 -0022 -0001 00001
001044.43359375 00031.005859375 000056.15234375 -0034 -0001 00000
001044.67773438 00025.146484375 -0011.474609375 -0039 -0001 00001
001048.09570312 00000021.484375 -0020.751953125 -0039 -0001 00001
001043.45703125 00025.634765625 -00020.01953125 -0038 -0001 00001
001047.11914062 000020.99609375 -0020.751953125 -0037 -0001 00001
001053.22265625 000029.78515625 -0030.029296875 -0037 -0001 00001
001039.30664062 00014.404296875 -000030.2734375 -0036 -0001 00001
000001042.96875 00010.986328125 -0021.240234375 -0035 -0001 00001
0001040.0390625 00002.685546875 -000030.2734375 -0032 -0001 00001
001044.67773438 00005.615234375 -00037.59765625 -0028 -0001 00001
001031.73828125 -00007.32421875 -00060.05859375 -0024 -0001 00001
001041.74804688 -00009.27734375 -00073.73046875 -0017 00001 00001
0001045.8984375 -000012.6953125 -00042.48046875 -0014 -0001 00000
001046.14257812 -00012.20703125 -0020.751953125 -0010 -0001 00001
00001048.828125 -0002.197265625 -00000000031.25 -0008 -0001 00000
001044.18945312 -0011.962890625 -00016.11328125 -0006 -0001 00000
event
001046.14257812 -00008.30078125 00110.595703125 -0015 -0001 00000
001045.41015625 00011.962890625 00000068.359375 -0032 -0001 00001
0001041.9921875 000000042.96875 000060.05859375 -0042 -0001 00001
0001043.9453125 00039.794921875 0000032.2265625 -0049 -0001 00001
001042.48046875 00053.466796875 00012.451171875 -0053 -0001 00001
001043.45703125 000000066.40625 00007.080078125 -0056 -0001 00001
00000001046.875 00056.396484375 -0055.908203125 -0055 -0001 00001
001052.49023438 00042.236328125 -0082.763671875 -0047 -0001 00001
0001043.9453125 00000029.296875 -000061.5234375 -0040 -0001 00001
001057.12890625 00012.451171875 -00048.33984375 -0034 -0001 00001
001047.11914062 -00001.46484375 -0072.998046875 -0028 -0001 00001
001042.72460938 -0009.033203125 -000067.3828125 -0019 -0001 00001
001044.67773438 -0012.451171875 -00063.96484375 -0013 -0001 00000
001045.16601562 -0018.798828125 -00048.33984375 -0007 -0001 00000
001052.24609375 -000018.5546875 -0021.728515625 -0004 -0001 00000
event
001060.30273438 -0029.541015625 00003.173828125 -0006 -0001 00000
001044.67773438 -0012.451171875 00027.099609375 -0009 -0001 00001
001045.65429688 -000010.7421875 000028.80859375 -0014 -0001 00000
001048.33984375 -0004.150390625 00035.400390625 -0020 -0001 00000
001046.63085938 000005.37109375 00000041.015625 -0027 -0001 00001
001052.97851562 00017.333984375 00055.419921875 -0036 -0001 00001
001051.26953125 000039.55078125 0000022.4609375 -0044 -0001 00001
001048.33984375 00037.841796875 -00000011.71875 -0046 -0001 00001
001044.18945312 00000041.015625 00006.103515625 -0048 -0001 00001
001047.11914062 00000000046.875 -00005.37109375 -0050 -0001 00001
001048.58398438 00041.748046875 -0029.541015625 -0050 -0001 00001
001046.63085938 00033.935546875 -00049.31640625 -0047 -0001 00001
001040.52734375 00012.939453125 -0110.595703125 -0036 -0001 00001
001033.69140625 -000004.8828125 -000118.1640625 -0022 -0001 00001
00001044.921875 -0009.521484375 -0062.255859375 -0011 -0001 00000
001045.41015625 -0015.869140625 -00040.52734375 -0005 -0001 00000
event
000001042.96875 -0010.986328125 0000020.5078125 -0005 -0001 00000
001032.95898438 -0006.103515625 00085.205078125 -0015 -0001 00001
001059.32617188 -0000000015.625 0000018.5546875 -0027 -0001 00001
0001045.8984375 0000000000000.0 0000034.1796875 -0027 -0001 00000
001048.58398438 000000003.90625 -0006.103515625 -0027 -0001 00001
001045.65429688 000015.13671875 -00000019.53125 -0026 -0001 00000
001052.49023438 -000004.8828125 -0016.845703125 -0025 -0001 00001
001058.83789062 00011.962890625 -0000.732421875 -0025 -0001 00000
001045.65429688 0000000.9765625 -0010.009765625 -0025 -0001 00001
001049.31640625 000003.41796875 -0043.701171875 -0024 -0001 00001
001041.74804688 00000013.671875 -0023.193359375 -0023 -0001 00000
001047.60742188 -000004.8828125 -0013.916015625 -0022 -0001 00001
00001041.015625 -0000005.859375 -0002.197265625 -0021 -0001 00001
001052.00195312 -00004.39453125 -0014.892578125 -0021 -0001 00001
001033.93554688 -0003.662109375 -00016.11328125 -0020 -0001 00000
00001044.921875 -00008.30078125 -0017.333984375 -0019 -0001 00001
001051.51367188 -000006.8359375 -00013.18359375 -0018 -0001 00000
0001041.9921875 -00006.34765625 -0000029.296875 -0017 -0001 00000
001039.79492188 -0000005.859375 -0019.287109375 -0016 -0001 00000
001061.03515625 -000004.8828125 -0015.869140625 -0016 -0001 00001
001049.07226562 -0000009.765625 -00017.08984375 -0015 -0001 00001
001047.11914062 -0011.962890625 -00000000031.25 -0014 -0001 00000
001051.26953125 -00010.25390625 -000010.7421875 -0013 -0001 00000
0001045.8984375 -0000013.671875 -0011.962890625 -0012 -0001 00000
001045.41015625 -0008.056640625 -00001.46484375 -0011 -0001 00001
001045.16601562 -0013.427734375 -00015.13671875 -0010 -0001 00000
001040.77148438 -0011.962890625 -0012.939453125 -0009 -0001 00000
0001045.8984375 -0011.962890625 -00014.16015625 -0008 -0001 00000
001045.65429688 -0017.822265625 -0000.732421875 -0007 -0001 00000
001047.60742188 -000010.7421875 -00140.13671875 00000 -0001 00000
event
0001047.8515625 -0012.451171875 00018.310546875 -0004 -0001 00000
001050.04882812 -0000000015.625 00000060.546875 -0011 -0001 00000
001049.56054688 -00007.32421875 00046.142578125 -0022 -0001 00001
001043.45703125 00007.080078125 0000000023.4375 -0027 -0001 00001
001044.67773438 000008.30078125 -000000007.8125 -0031 -0001 00001
001047.60742188 00000005.859375 -0000025.390625 -0030 -0001 00001
001043.70117188 00003.662109375 -0025.146484375 -0030 -0001 00001
001047.60742188 000006.34765625 -0010.986328125 -0029 -0001 00001
001059.81445312 0000008.7890625 -000016.6015625 -0028 -0001 00001
000001042.96875 0000000007.8125 -00013.18359375 -0027 -0001 00000
001051.02539062 000006.34765625 -00007.32421875 -0026 -0001 00001
001047.11914062 00004.150390625 -0025.634765625 -0026 -0001 00000
0001055.6640625 -0000.732421875 -00016.11328125 -0025 -0001 00000
001050.04882812 0000000000000.0 -000012.6953125 -0026 -0001 00001
001044.43359375 -0004.150390625 -0004.150390625 -0023 -0001 00001
001041.74804688 -0006.103515625 -000012.6953125 -0022 -0001 00000
001048.33984375 -0002.685546875 -0013.427734375 -0021 -0001 00001
001050.53710938 -0000009.765625 -0019.287109375 -0020 -0001 00000
001046.63085938 -0007.568359375 -00022.94921875 -0019 -0001 00000
001061.76757812 -0012.451171875 -000020.5078125 -0018 -0001 00000
001036.86523438 -0008.056640625 -00054.19921875 -0015 -0001 00000
001032.95898438 -00015.13671875 -0005.126953125 -0010 -0001 00000
001045.41015625 -0012.451171875 -000032.2265625 -0008 -0001 00000
event
001047.36328125 -00015.13671875 000021.97265625 -0006 -0001 00000
001044.43359375 -000012.6953125 000014.16015625 -0011 -0001 00000
0001045.8984375 -000004.8828125 00075.927734375 -0018 -0001 00000
001045.41015625 -00002.44140625 00012.939453125 -0025 -0001 00000
001045.65429688 00004.150390625 -00024.90234375 -0025 -0001 00001
00001048.828125 000004.39453125 -0014.892578125 -0025 -0001 00001
0001061.5234375 000000.48828125 -0028.564453125 -0024 -0001 00001
001045.16601562 000002.44140625 -0010.498046875 -0023 -0001 00001
001048.33984375 00009.033203125 -00014.16015625 -0023 -0001 00001
00000001046.875 -00000003.90625 -0016.845703125 -0022 -0001 00000
001045.65429688 -0008.056640625 -0016.845703125 -0021 -0001 00000
00001041.015625 -00000003.90625 -0017.333984375 -0020 -0001 00001
001053.95507812 -0000.732421875 -000020.5078125 -0020 -0001 00001
0001045.8984375 -0007.080078125 -000016.6015625 -0019 -0001 00000
0001041.9921875 -00009.27734375 -0006.591796875 -0018 -0001 00000
001041.50390625 -0009.033203125 -0000021.484375 -0017 00000 00000
001048.09570312 -00005.37109375 -0000013.671875 -0016 -0001 00001
001044.18945312 -0009.033203125 -00005.37109375 -0016 -0001 00000
001046.14257812 -00000011.71875 -00000003.90625 -0015 -0001 00000
001052.24609375 -0009.033203125 -0005.615234375 -0014 -0001 00000
00001048.828125 -000008.7890625 -0018.798828125 -0013 -0001 00000
001047.36328125 -00008.30078125 -0010.986328125 -0012 -0001 00000
001051.26953125 -0027.587890625 -000000.9765625 -0011 -0001 00001
001047.60742188 -0009.521484375 -0021.240234375 -0010 -0001 00000
001048.33984375 -000012.6953125 -00030.76171875 -0009 -0001 00001
0001045.8984375 -0029.052734375 -0028.564453125 -0010 -0001 00000
001049.56054688 -0014.892578125 -0015.380859375 -0007 -0001 00000
001049.56054688 -0016.845703125 -0021.728515625 -0006 -0001 00000
001047.36328125 -00015.13671875 -000008.7890625 -0006 -0001 00000
001042.72460938 -0000029.296875 -000004.8828125 -0005 -0001 00000

