event
01054.93164062 -00000027.34375 00044.189453125 -0006 -0001 00000
001051.26953125 -0027.587890625 00052.490234375 -0011 00000 00000
001055.90820312 -0020.263671875 00076.904296875 -0018 -0002 00000
001050.29296875 -00013.18359375 00066.162109375 -0027 -0001 00000
0001045.8984375 00006.103515625 000069.82421875 -0036 -0001 00000
001043.70117188 00002.685546875 00081.787109375 -0045 00001 00000
001036.37695312 0000032.2265625 00039.306640625 -0053 -0002 00000
001074.46289062 00053.466796875 -0002.197265625 -0055 00001 00000
001031.49414062 00035.888671875 000000000156.25 -0053 00000 00000
001050.53710938 000031.73828125 -00140.13671875 -0055 00000 00000
001039.55078125 0000032.2265625 00102.783203125 -0052 -0001 00000
001063.23242188 00014.404296875 -00193.84765625 -0046 00000 00000
0001315.4296875 -0134.521484375 00123.779296875 -0022 00024 -0002
000325.68359375 00333.740234375 001999.93896484 -0031 -0032 -0002
001120.60546875 -00252.44140625 00000091.796875 00024 00025 00000
event
001042.48046875 -0027.587890625 00057.373046875 -0008 -0001 00000
000000001031.25 -0020.263671875 0000075.1953125 -0016 -0001 00000
001048.33984375 -0001.708984375 000100.09765625 -0029 -0001 00000
001031.73828125 00007.080078125 000080.56640625 -0040 00000 00000
001043.70117188 000022.94921875 00038.330078125 -0048 00000 00000
0001061.5234375 0000034.1796875 000000035.15625 -0051 00000 00000
001044.18945312 0000041.9921875 000026.85546875 -0055 00000 00000
001049.07226562 000038.57421875 000009.27734375 -0055 00001 00000
001059.81445312 000040.52734375 -0019.287109375 -0054 00000 00000
001043.45703125 000028.80859375 -00000027.34375 -0050 00000 00000
0001045.8984375 000000011.71875 -0050.537109375 -0043 00000 00000
001040.28320312 -000004.8828125 -0000111.328125 -0031 -0001 00000
0001014.6484375 -00054.19921875 000186.03515625 -0011 -0001 00000
001068.11523438 00006.103515625 -0095.458984375 -0002 -0006 00001
000000902.34375 00024.658203125 -0600.341796875 -0005 -0011 00000
event
001048.33984375 -0026.123046875 00020.263671875 -0003 -0001 00001
001048.58398438 -0023.681640625 0000075.1953125 -0007 00000 00000
001040.77148438 -000018.5546875 000000089.84375 -0017 -0002 00000
0001061.5234375 -00010.25390625 00072.509765625 -0027 00000 00000
000000001031.25 -000008.7890625 000035.64453125 -0031 -0001 00000
001044.67773438 00015.380859375 000031.73828125 -0035 00000 00000
001046.63085938 00000005.859375 000028.80859375 -0038 00000 00000
001046.14257812 000005.37109375 0000020.5078125 -0040 00000 00000
001047.36328125 0000014.6484375 000018.06640625 -0041 00000 00000
0001041.9921875 000008.30078125 000001.46484375 -0041 00000 00000
00000001046.875 000009.27734375 00001.708984375 -0040 00000 00000
001047.11914062 00003.662109375 00003.173828125 -0039 00000 00000
00001048.828125 00000.244140625 -0007.080078125 -0037 00000 00000
001053.95507812 00002.685546875 -000020.5078125 -0035 00000 00000
001032.71484375 -0010.986328125 -0035.400390625 -0030 -0001 00000
001048.09570312 -0016.357421875 -00053.22265625 -0023 00000 00000
0001032.2265625 000137.20703125 -00642.08984375 -0013 -0002 00001
001047.11914062 -00032.71484375 00006.103515625 -0003 00000 00000
001044.67773438 -0025.146484375 00009.521484375 -0003 -0001 00000
001057.12890625 -00037.59765625 000056.15234375 -0006 00000 00000
001056.39648438 -0031.494140625 -0022.705078125 -0006 -0001 00000
001061.76757812 -0028.564453125 0000022.4609375 -0004 -0001 00000
001036.86523438 -00030.76171875 000006.34765625 -0001 -0001 00000
001062.01171875 -0000025.390625 00026.123046875 -0003 -0001 00000
001287.35351562 -0000060.546875 -0739.013671875 -0003 00022 00002
event
001047.60742188 -00020.99609375 000053.22265625 -0009 -0001 00000
001033.93554688 -00003.41796875 00071.533203125 -0017 -0001 00000
001044.18945312 -00011.23046875 00069.091796875 -0026 -0001 00000
001048.58398438 -000000.9765625 00047.119140625 -0033 -0001 00000
001046.14257812 0000006.8359375 0000030.2734375 -0037 -0001 00000
001060.30273438 00011.474609375 00011.474609375 -0040 -0001 00000
001049.31640625 00011.474609375 00004.638671875 -0042 00000 00000
00001056.640625 000000003.90625 -000038.0859375 -0040 -0001 00000
001051.26953125 -0004.638671875 0000004.8828125 -0037 00001 00000
001040.77148438 -0017.333984375 -0120.361328125 -0028 -0001 00000
00000001015.625 -00007.32421875 0000165.0390625 -0030 00000 00000
001054.93164062 -0012.451171875 -0113.525390625 -0034 00000 00000
0001041.9921875 -0007.080078125 000135.25390625 -0035 -0001 00000
001067.62695312 -0001.220703125 -00107.91015625 -0033 00000 00000
000001035.15625 -0010.986328125 000000027.34375 -0029 -0002 00000
000001050.78125 -0018.310546875 -000000117.1875 -0022 00000 00000
000001152.34375 -0092.529296875 00111.572265625 -0004 00009 00001
001045.41015625 -000036.1328125 000033.69140625 -0004 -0001 00000
001054.44335938 -0027.099609375 -00008.30078125 -0005 00000 00000
event
001047.36328125 -0019.287109375 00076.416015625 -0010 -0001 00000
001039.55078125 -0010.009765625 00165.771484375 -0027 -0002 00000
001045.16601562 00016.845703125 00094.970703125 -0044 -0002 00000
001049.07226562 000042.48046875 00048.095703125 -0053 -0001 00000
00001048.828125 00000048.828125 00074.951171875 -0058 00000 00000
001031.73828125 00050.537109375 00007.080078125 -0061 00001 00000
001075.92773438 00032.958984375 -0000154.296875 -0055 00000 00000
0001016.6015625 000017.08984375 000209.47265625 -0055 -0002 00000
001058.10546875 000043.45703125 -0149.169921875 -0055 00000 00000
00001033.203125 00000021.484375 0000045.8984375 -0047 -0001 00000
001057.37304688 -0004.638671875 -0194.580078125 -0035 00000 00000
001046.38671875 -000028.3203125 -0000099.609375 -0011 -0001 00000
001046.14257812 -00008.30078125 00048.583984375 -0006 -0002 00000
001053.22265625 -0022.216796875 00010.009765625 -0003 -0001 00000
001050.53710938 -0017.333984375 00016.845703125 -0003 -0001 00000
001037.59765625 -0029.052734375 00052.001953125 -0008 -0001 00000
event
001045.65429688 -00016.11328125 00022.216796875 -0003 00000 00000
001037.35351562 -0021.240234375 00111.572265625 -0009 00000 00000
000001042.96875 -0006.591796875 00139.404296875 -0029 -0002 00000
001043.70117188 00017.822265625 000096.19140625 -0043 00000 00000
001059.32617188 00027.099609375 -0004.638671875 -0049 00000 00000
000001050.78125 000025.87890625 000012.20703125 -0047 00000 00000
001048.33984375 00015.380859375 000014.16015625 -0045 00000 00000
0001061.5234375 00019.775390625 000000003.90625 -0043 -0002 00000
001047.60742188 00006.591796875 -00009.27734375 -0042 00000 00000
001043.21289062 00012.939453125 -0008.056640625 -0040 00000 00000
001062.25585938 00001.220703125 000001.46484375 -0039 00000 00000
001045.65429688 -0005.126953125 -0002.685546875 -0037 00000 00000
000001050.78125 -00006.34765625 -000002.9296875 -0034 00001 00000
00001048.828125 -0007.568359375 -0031.982421875 -0030 -0002 00000
00932.373046875 -0036.865234375 -01135.25390625 -0023 -0019 00003
001092.28515625 -0033.935546875 -00189.94140625 -0006 00001 00000
event
001045.65429688 -000020.5078125 00032.470703125 -0005 -0001 00000
001036.62109375 -00020.01953125 000157.71484375 -0017 -0001 00000
001042.23632812 0000038.0859375 000286.62109375 -0052 00001 00000
000001050.78125 00148.681640625 00057.861328125 -0084 00000 00000
000001042.96875 00121.826171875 00007.080078125 -0079 -0002 00000
00001033.203125 00085.693359375 -00034.66796875 -0070 -0002 00000
001052.24609375 00063.720703125 00015.380859375 -0064 -0001 00000
0001040.0390625 000075.68359375 00002.685546875 -0065 00000 00000
001056.88476562 000033.69140625 -0187.744140625 -0055 -0001 00000
001033.44726562 -0014.892578125 -0154.052734375 -0027 00001 00000
001057.37304688 -000061.5234375 000066.89453125 -0002 -0001 00000
event
001041.25976562 -00030.76171875 00089.599609375 -0007 -0001 00000
001044.18945312 -00009.27734375 00134.521484375 -0023 -0001 00000
001054.19921875 000017.08984375 0000000132.8125 -0042 00000 00000
000001050.78125 00048.095703125 0000081.0546875 -0057 00000 00000
000001042.96875 000067.87109375 00007.080078125 -0062 00000 00000
001043.21289062 000055.17578125 -0002.685546875 -0060 00000 00000
0001061.5234375 00057.373046875 -00029.78515625 -0058 00000 00000
00001052.734375 00000044.921875 -00007.32421875 -0056 00000 00000
001046.38671875 0000043.9453125 -000010.7421875 -0054 00000 00000
001050.53710938 000023.92578125 -00000035.15625 -0049 00000 00000
001049.07226562 -000000007.8125 -00174.31640625 -0033 -0001 00000
001207.76367188 -00041.50390625 -0239.990234375 -0008 00005 00000
001057.37304688 -000036.1328125 00076.904296875 -0004 -0001 00000
00001056.640625 -00027.83203125 -0060.791015625 -0005 -0001 00000
00983.642578125 -0076.904296875 00189.208984375 -0004 00005 00000
event
001062.01171875 -0032.470703125 00036.865234375 -0004 -0001 00000
001044.43359375 -0020.751953125 0000067.3828125 -0010 -0002 00000
001042.48046875 -00018.06640625 000083.49609375 -0019 -0001 00000
001048.09570312 -0008.056640625 00059.326171875 -0028 -0002 00000
001039.55078125 00000.732421875 00018.798828125 -0033 00000 00000
00001041.015625 000002.44140625 00000033.203125 -0036 -0002 00000
001046.14257812 0000000007.8125 00013.916015625 -0038 -0002 00000
001046.63085938 000000003.90625 00000.244140625 -0038 -0001 00000
001053.46679688 000008.30078125 00018.798828125 -0039 00000 00000
001045.16601562 -0012.939453125 00011.962890625 -0040 -0001 00000
001049.31640625 00006.591796875 -0002.197265625 -0039 00000 00000
001047.60742188 00005.615234375 -0004.150390625 -0038 00000 00000
001049.31640625 000007.32421875 0000000007.8125 -0036 -0001 00000
0001032.2265625 -0000.732421875 -0006.103515625 -0032 -0002 00000
001046.38671875 -000004.8828125 -0012.451171875 -0031 -0001 00000
00000001046.875 -00000011.71875 -00053.22265625 -0026 -0002 00000
001047.60742188 -0000025.390625 -000067.3828125 -0015 -0001 00000
001084.47265625 000012.20703125 -0079.345703125 -0006 00000 00000
001051.51367188 -0028.076171875 -0000068.359375 -0005 -0001 00000
event
001046.38671875 -00026.85546875 00062.255859375 -0007 -0001 00000
00001044.921875 -0022.705078125 00000000046.875 -0011 -0001 00000
0001061.5234375 -00024.90234375 00039.306640625 -0015 00001 00000
001044.43359375 -0000017.578125 00036.865234375 -0019 00000 00000
001050.53710938 -0020.263671875 0000036.1328125 -0022 -0001 00000
001044.18945312 -0000009.765625 000000019.53125 -0024 00000 00000
001042.72460938 -000000007.8125 00021.240234375 -0027 00001 00000
001048.58398438 -00006.34765625 00020.263671875 -0029 00000 00000
001051.51367188 -00010.25390625 000000011.71875 -0031 00000 00000
001048.58398438 -00000003.90625 00010.009765625 -0031 00000 00000
001045.41015625 -0000.244140625 000006.34765625 -0031 00000 00000
001051.26953125 -0010.498046875 -000004.8828125 -0030 -0002 00000
001045.41015625 -00009.27734375 -00032.71484375 -0026 -0001 00000
001046.63085938 -0022.216796875 -00040.52734375 -0017 00000 00000
0001151.3671875 -00020.99609375 -00043.45703125 -0012 00004 00000
001212.40234375 -0024.658203125 00316.650390625 -0027 00012 -0001
0001059.5703125 -000024.4140625 00118.408203125 -0026 -0001 00000
001043.21289062 -0009.521484375 -00042.48046875 -0031 00000 00000
001038.81835938 -0003.662109375 000064.94140625 -0031 -0001 00000
001048.33984375 -0000005.859375 -0047.607421875 -0030 00000 00000
0001034.1796875 -0028.076171875 000026.85546875 -0027 -0001 00000
001061.76757812 -000026.3671875 -0033.447265625 -0025 00000 00000
001060.30273438 -0016.845703125 -0048.095703125 -0018 00000 00000
event
0000001054.6875 -000022.4609375 00046.630859375 -0004 -0001 00000
00001056.640625 -0022.705078125 000101.07421875 -0015 00001 00000
001038.81835938 00001.220703125 0000127.9296875 -0033 -0001 00000
001031.98242188 00030.517578125 00017.333984375 -0044 -0002 00000
00001044.921875 00014.404296875 -00006.34765625 -0042 00001 00000
001033.69140625 00009.521484375 -0016.845703125 -0040 -0001 00000
001040.52734375 00004.150390625 00008.544921875 -0039 00000 00000
000001042.96875 000009.27734375 -0013.427734375 -0037 00000 00000
00001033.203125 00005.126953125 0000008.7890625 -0036 00000 00000
00001048.828125 -000006.8359375 -000008.7890625 -0035 -0001 00000
001042.48046875 -0001.708984375 -00009.27734375 -0034 00000 00000
001045.41015625 -00008.30078125 0000004.8828125 -0032 -0001 00000
0001045.8984375 -00011.23046875 -00006.34765625 -0030 00000 00000
001046.14257812 -0008.056640625 00008.056640625 -0029 00001 00000
001041.74804688 -000000007.8125 -0004.150390625 -0027 -0001 00000
000001050.78125 -0022.216796875 -0000001.953125 -0024 -0002 00000
0001043.9453125 -00000019.53125 -0044.189453125 -0019 -0001 00000
00917.236328125 -000010.7421875 00000185.546875 -0011 -0009 00001
001039.79492188 -00020.01953125 00193.603515625 -0007 -0002 00000
0000000695.3125 -00626.46484375 001999.75585938 00022 00002 -0001
001104.24804688 0000010.7421875 000000019.53125 -0004 00000 00000
event
001046.38671875 -0025.146484375 00119.384765625 -0006 -0001 00000
001042.48046875 -00003.41796875 0000209.9609375 -0031 -0001 00000
001043.70117188 00051.025390625 000117.67578125 -0054 00000 00000
001052.24609375 000067.87109375 0000040.0390625 -0064 00000 00000
00001044.921875 00069.091796875 -00018.06640625 -0063 00000 00000
001049.56054688 00058.349609375 -0006.591796875 -0061 -0002 00000
001040.77148438 000055.17578125 00000005.859375 -0059 -0001 00000
001048.09570312 00049.560546875 -0000009.765625 -0056 00000 00000
00001044.921875 0000000039.0625 -0024.658203125 -0052 00000 00000
0001047.8515625 000008.30078125 -0000111.328125 -0043 -0001 00000
001053.46679688 -0010.986328125 -00272.94921875 -0018 -0005 00000
000000000656.25 -0270.751953125 001999.93896484 00019 -0020 -0004
001072.99804688 -000034.1796875 -0004.150390625 -0002 -0001 00000
001037.84179688 -0029.541015625 000056.15234375 -0002 00000 00000
001032.47070312 -0033.447265625 00111.572265625 00000 -0002 00000
0001055.6640625 -00035.64453125 -0042.236328125 -0004 00000 00000
event
001055.90820312 -00028.80859375 00043.701171875 -0007 -0002 00000
001045.41015625 -00020.99609375 000069.82421875 -0014 -0001 00000
001042.72460938 -00026.85546875 000032.71484375 -0021 -0001 00000
001044.43359375 -0000005.859375 000054.19921875 -0026 -0001 00000
001062.25585938 0000006.8359375 00049.072265625 -0033 00000 00000
00000001046.875 0000008.7890625 0000030.2734375 -0037 -0001 00000
001051.51367188 000008.30078125 00025.634765625 -0039 -0001 00000
001049.56054688 000008.30078125 000000011.71875 -0041 00000 00000
001049.31640625 00007.080078125 000015.13671875 -0041 -0001 00000
001047.11914062 00015.380859375 -0004.150390625 -0041 00000 00000
001044.67773438 000002.44140625 -00014.16015625 -0042 00000 00000
001045.16601562 0000012.6953125 00001.708984375 -0037 -0001 00000
001047.60742188 00005.126953125 00003.173828125 -0037 00000 00000
001044.67773438 -0005.126953125 -0009.033203125 -0035 00000 00000
001058.83789062 -0007.568359375 -00000027.34375 -0032 -0001 00000
001051.02539062 -0013.427734375 -0059.814453125 -0027 00000 00000
001048.33984375 -0024.658203125 -00079.58984375 -0017 00000 00000
001057.37304688 -0023.193359375 00046.142578125 -0008 00000 00001
event
001042.72460938 -0023.193359375 000000035.15625 -0004 -0001 00000
001036.62109375 -0021.240234375 00160.400390625 -0016 -0001 00000
001047.60742188 0000004.8828125 00120.849609375 -0035 -0001 00000
0001032.2265625 00029.541015625 00089.111328125 -0049 00000 00000
001060.05859375 000049.31640625 0000047.8515625 -0057 00000 00000
001050.04882812 000061.03515625 000017.08984375 -0061 00000 00000
0001045.8984375 0000065.4296875 00001.708984375 -0062 00000 00000
001056.15234375 00053.466796875 -0035.400390625 -0060 00001 00000
001041.74804688 0000049.8046875 -0004.638671875 -0058 00000 00000
001060.30273438 0000040.0390625 -0000044.921875 -0054 00000 00000
001050.04882812 00010.009765625 -0123.779296875 -0041 00000 00000
001458.74023438 000271.97265625 -0001060.546875 -0025 00022 00003
001356.68945312 -00000136.71875 -0809.326171875 00002 00000 00001
001071.53320312 -0122.314453125 000336.42578125 00005 00009 00000
event
0001045.8984375 -0004.638671875 000047.36328125 -0004 -0001 00000
001041.25976562 -00012.20703125 00179.443359375 -0022 00001 00000
0001049.8046875 000022.94921875 000190.91796875 -0047 00000 00000
001051.02539062 00079.345703125 00080.322265625 -0068 00000 00000
0001047.8515625 00000095.703125 -000008.7890625 -0071 00000 00000
0001032.2265625 00089.111328125 -0018.798828125 -0068 00000 00000
00000001046.875 00075.927734375 -0018.310546875 -0065 00000 00000
001049.31640625 00063.720703125 -000012.6953125 -0063 -0002 00000
001044.43359375 000048.33984375 -00000050.78125 -0059 00000 00000
001052.00195312 -0003.662109375 -00187.98828125 -0037 00001 00000
001055.17578125 -00000019.53125 -0068.115234375 -0015 00000 00000
001062.01171875 00013.427734375 -0087.158203125 -0006 00000 00000
001047.11914062 -00024.90234375 -0066.650390625 -0006 00000 00000
0001024.4140625 -00090.33203125 00121.826171875 00012 00004 -0001
event
001041.74804688 -00019.04296875 00117.919921875 -0017 00000 00000
001048.09570312 -000002.9296875 0000083.0078125 -0030 -0001 00000
001045.41015625 0000012.6953125 000073.73046875 -0040 00001 00000
001040.77148438 000028.80859375 00072.998046875 -0049 -0001 00000
001044.43359375 000044.43359375 00039.306640625 -0056 00000 00000
001050.04882812 000077.63671875 00000041.015625 -0060 00000 00000
001045.41015625 00063.720703125 000046.38671875 -0063 00001 00000
001048.33984375 00000076.171875 00000001.953125 -0065 00000 00000
001048.09570312 00055.419921875 -00072.75390625 -0060 00000 00000
001046.38671875 00021.240234375 -0095.947265625 -0047 00000 00000
001054.44335938 -0019.775390625 -0200.927734375 -0024 -0001 00000
001035.40039062 -000049.8046875 00113.525390625 -0004 -0001 00001
001061.27929688 -00032.71484375 -00028.80859375 -0010 -0001 00000
001034.42382812 -00020.01953125 000000503.90625 00003 -0001 -0002
000001066.40625 -00026.85546875 -00346.19140625 -0005 00003 00000
001003.17382812 00113.037109375 -0960.693359375 -0010 00000 00001
event
001047.11914062 -0027.099609375 00010.498046875 -0004 -0001 00000
001033.93554688 -0021.240234375 00104.736328125 -0009 -0001 00000
001043.21289062 -0011.962890625 00133.544921875 -0025 00000 00000
001046.14257812 00018.310546875 000130.37109375 -0044 00000 00000
001044.18945312 000049.31640625 00043.701171875 -0056 00000 00000
001048.33984375 000048.33984375 -00011.23046875 -0057 -0002 00000
001042.48046875 00042.724609375 -0001.708984375 -0055 00001 00000
001048.58398438 00039.794921875 -0003.662109375 -0052 00000 00000
001031.49414062 0000045.8984375 -0012.939453125 -0051 00000 00000
0001045.8984375 00029.541015625 -0009.521484375 -0048 00000 00000
000000001031.25 00008.056640625 -0000041.015625 -0043 00000 00000
001047.60742188 -0006.103515625 -000084.9609375 -0033 -0001 00000
001049.56054688 -00025.87890625 -00090.33203125 -0018 -0001 00000
001016.84570312 000012.20703125 0000073.2421875 -0007 00000 00000
001043.70117188 -0046.630859375 00005.126953125 -0007 00001 00000
event
001049.56054688 -00006.34765625 000037.59765625 -0028 00000 00000
001042.48046875 -000004.8828125 00018.310546875 -0030 -0001 00000
001031.49414062 -000006.8359375 000025.87890625 -0034 00000 00000
000001042.96875 -00006.34765625 000005.37109375 -0032 00000 00000
001047.36328125 -0010.986328125 000003.41796875 -0032 -0001 00000
001067.87109375 000002.44140625 00018.798828125 -0031 -0002 00000
001042.48046875 -0000005.859375 00000005.859375 -0031 -0002 00000
001043.70117188 -00000003.90625 00015.869140625 -0032 -0001 00000
0001049.8046875 -0009.033203125 00015.380859375 -0033 -0002 00000
001049.31640625 000000011.71875 00011.962890625 -0034 -0001 00000
001051.26953125 -000000.9765625 -0014.404296875 -0033 -0001 00000
001040.52734375 -00008.30078125 -00009.27734375 -0030 00000 00000
001060.30273438 -00009.27734375 -00008.30078125 -0030 -0002 00000
001041.25976562 -0014.404296875 -0012.451171875 -0028 -0001 00000
001047.36328125 -0014.892578125 -00041.50390625 -0023 -0001 00000
000988.76953125 00007.080078125 -0041.748046875 -0010 -0005 -0001
001055.41992188 -00000027.34375 -000040.0390625 -0003 -0001 00000
001062.01171875 -0025.146484375 -0093.505859375 -0003 00000 00000
00001060.546875 -00027.83203125 000000035.15625 -0002 00000 00000
001043.21289062 -00030.76171875 -0000021.484375 -0002 -0001 00000
event
001044.67773438 -0029.052734375 0000032.2265625 -0006 -0001 00001
001052.97851562 -0000021.484375 00068.603515625 -0012 -0001 00000
001043.21289062 -0000017.578125 000054.19921875 -0019 00000 00000
000001058.59375 -00000011.71875 0000051.7578125 -0026 -0001 00000
001047.36328125 -0002.685546875 00026.123046875 -0031 00001 00000
001048.33984375 00001.708984375 00000029.296875 -0034 -0001 00000
001037.35351562 000005.37109375 000014.16015625 -0037 00000 00000
001052.24609375 00008.056640625 000003.41796875 -0039 00001 00000
000001042.96875 00011.474609375 0000016.6015625 -0039 00000 00000
001048.33984375 00007.568359375 0000020.5078125 -0039 -0001 00000
001043.70117188 000004.39453125 -0023.193359375 -0039 -0002 00000
001046.14257812 0000010.7421875 00013.427734375 -0040 00001 00000
001046.63085938 -0000000015.625 -0002.685546875 -0036 00000 00000
001049.31640625 -00002.44140625 -00007.32421875 -0035 00000 00000
001061.27929688 -0007.568359375 -00008.30078125 -0033 -0001 00000
0001049.8046875 -00012.20703125 -0022.705078125 -0030 -0001 00000
001046.14257812 -0014.892578125 -00000042.96875 -0025 -0001 00000
001052.49023438 -000000023.4375 -0056.396484375 -0017 -0001 00000
001065.91796875 -0079.833984375 00237.060546875 -0005 00001 00000
001031.73828125 -0021.728515625 -000030.2734375 -0007 -0003 00000
event
001041.74804688 -00024.90234375 000016.11328125 -0003 -0001 00000
001060.79101562 -0000025.390625 000071.77734375 -0007 -0001 00000
001047.11914062 -0000005.859375 00180.419921875 -0025 -0001 00000
001042.23632812 00039.794921875 000185.05859375 -0052 -0001 00000
001047.11914062 00099.365234375 00106.689453125 -0072 00000 00000
001057.37304688 000099.12109375 -000020.5078125 -0074 00000 00000
001054.19921875 000096.19140625 -0008.544921875 -0071 00000 00000
001020.26367188 0000069.3359375 000012.20703125 -0068 -0001 00000
00001033.203125 0000075.1953125 -0025.146484375 -0064 00000 00000
001050.04882812 00041.259765625 -0137.939453125 -0054 00000 00000
001033.69140625 -0029.052734375 -0203.369140625 -0028 00000 00000
001008.05664062 -000018.5546875 00168.212890625 -0005 -0003 00000
event
001051.02539062 -00026.85546875 00014.404296875 -0002 -0001 00000
001041.25976562 -0044.189453125 00046.630859375 -0004 -0001 00000
001033.44726562 -00002.44140625 00389.404296875 -0027 -0001 00000
00001041.015625 000172.36328125 000317.87109375 -0091 00000 00000
001061.76757812 00225.341796875 -0030.029296875 -0102 00000 00000
001082.27539062 00000000203.125 -000010.7421875 -0099 00001 00000
001020.26367188 00188.720703125 -0000162.109375 -0095 -0001 00000
001045.16601562 000046.38671875 -0356.201171875 -0060 00000 00000
001195.06835938 -0125.732421875 -0373.291015625 -0006 00006 00002
event
001048.33984375 -0026.123046875 00108.642578125 -0007 -0001 00000
001038.33007812 -00001.46484375 0000288.0859375 -0036 -0001 00000
00001048.828125 000104.00390625 0000161.1328125 -0073 00000 00000
001046.14257812 00114.990234375 -0026.123046875 -0077 00000 00000
001053.22265625 000102.05078125 -00007.32421875 -0074 00000 00000
001049.07226562 00096.435546875 -00030.76171875 -0071 00000 00000
001056.15234375 0000081.0546875 -0023.681640625 -0067 -0001 00000
0001043.9453125 000000000031.25 -0218.505859375 -0050 00001 00000
001035.64453125 000044.43359375 -01059.81445312 -0013 00005 00001
001040.77148438 -000022.4609375 00000005.859375 -0003 -0001 00000
001044.18945312 -0028.076171875 00025.146484375 -0002 -0001 00000
001059.81445312 -0028.076171875 00000021.484375 -0003 -0001 00000
001059.32617188 -00028.80859375 00049.072265625 -0010 00000 00000
event
001049.07226562 -0027.587890625 00054.931640625 -0006 -0002 00000
001040.52734375 -0016.845703125 000094.23828125 -0015 -0001 00000
001046.38671875 -0004.638671875 00098.388671875 -0028 -0001 00000
001045.41015625 00029.052734375 000084.47265625 -0040 00000 00000
001058.34960938 00026.611328125 00045.654296875 -0049 -0001 00000
001060.30273438 00041.748046875 000041.50390625 -0054 00000 00000
001062.01171875 00052.001953125 000038.57421875 -0058 00000 00000
001061.76757812 0000055.6640625 000040.52734375 -0061 00000 00000
001050.04882812 00056.884765625 -0020.263671875 -0061 -0001 00000
0001038.0859375 000047.36328125 -0038.818359375 -0056 00000 00000
001045.41015625 000020.01953125 -00065.91796875 -0047 00000 00000
001047.60742188 -0004.638671875 -0122.802734375 -0033 -0001 00000
001315.67382812 -000000085.9375 -0346.923828125 -0008 00026 00000
001018.31054688 -0035.888671875 00175.537109375 -0008 -0001 00000
event
0001020.5078125 -00064.94140625 000023.92578125 -0002 -0001 00000
001049.56054688 -00025.87890625 000108.88671875 -0007 00001 00000
001040.52734375 -0010.498046875 00149.658203125 -0024 00000 00000
001044.18945312 00014.892578125 00107.666015625 -0042 00000 00000
001058.34960938 000036.62109375 00057.861328125 -0053 00000 00000
00001041.015625 00000052.734375 00039.794921875 -0059 00001 00000
001057.12890625 00000000046.875 000006.34765625 -0061 00000 00000
001046.63085938 0000059.5703125 00000009.765625 -0060 00000 00000
001046.14257812 0000000054.6875 -0009.033203125 -0059 00000 00000
001031.73828125 0000040.0390625 -0036.376953125 -0056 00000 00000
001046.63085938 00020.263671875 -0085.205078125 -0046 00000 00000
001053.46679688 -0008.544921875 -0085.693359375 -0033 -0002 00000
001052.24609375 -0029.052734375 -0122.314453125 -0015 -0001 00000
001048.58398438 -0012.451171875 -00119.62890625 -0004 00000 00000
event
00001041.015625 -00017.08984375 00125.732421875 -0017 00001 00000
0001043.9453125 00010.986328125 000136.23046875 -0037 00000 00000
001035.88867188 00045.166015625 00074.462890625 -0051 00000 00000
001041.50390625 000050.29296875 00039.794921875 -0056 -0002 00000
000001042.96875 00052.490234375 00024.658203125 -0058 00001 00000
001045.16601562 0000000054.6875 000010.25390625 -0060 00000 00000
001062.01171875 00055.419921875 00039.306640625 -0061 -0002 00000
001059.32617188 000052.24609375 -0027.099609375 -0060 00000 00000
001057.37304688 00033.447265625 -00000097.65625 -0053 00000 00000
001045.41015625 -0005.615234375 00184.326171875 -0040 00007 00001
001046.38671875 -00025.87890625 -0114.013671875 -0019 -0002 00000
event
001046.63085938 -0021.240234375 000063.96484375 -0011 00001 00000
001048.09570312 -0014.404296875 0000075.1953125 -0022 00000 00000
001041.74804688 -0004.150390625 000065.91796875 -0032 -0001 00000
001044.18945312 000005.37109375 00037.353515625 -0038 00000 00000
0001045.8984375 00011.474609375 000030.76171875 -0041 00000 00000
0001045.8984375 000018.06640625 00032.958984375 -0044 -0001 00000
0001043.9453125 00027.099609375 00026.611328125 -0046 00000 00000
001060.05859375 00020.263671875 00027.099609375 -0046 00000 00000
001036.37695312 00022.705078125 000020.01953125 -0047 -0001 00000
0001045.8984375 00022.216796875 00005.615234375 -0047 -0001 00000
001052.00195312 00018.798828125 -00017.08984375 -0046 -0001 00000
001044.67773438 00011.474609375 -0040.283203125 -0041 00000 00000
0001047.8515625 -0000005.859375 -0045.654296875 -0034 00000 00000
001061.27929688 -000018.5546875 -0089.111328125 -0023 00000 00000
001021.24023438 -00000003.90625 -0000.244140625 -0012 -0002 00000
event
001041.74804688 -00020.01953125 00000060.546875 -0009 00000 00000
001045.41015625 -0020.751953125 000064.94140625 -0016 -0002 00000
001048.58398438 -0016.845703125 0000057.6171875 -0023 00000 00000
001046.63085938 -0000009.765625 00056.396484375 -0030 00001 00000
001044.43359375 00002.685546875 00043.701171875 -0035 00000 00000
00000001046.875 00003.662109375 000023.92578125 -0037 -0001 00000
00001052.734375 0000006.8359375 00013.916015625 -0038 00000 00000
001046.63085938 00006.591796875 0000014.6484375 -0038 00000 00000
001052.00195312 0000000007.8125 0000000023.4375 -0040 00000 00000
001036.37695312 00000017.578125 00000005.859375 -0042 00001 00000
00001041.015625 000015.13671875 0000000007.8125 -0042 00000 00000
001050.29296875 00012.939453125 -0003.662109375 -0041 00001 00000
001050.29296875 00003.173828125 -00016.11328125 -0039 00001 00000
001052.24609375 -00014.16015625 -0009.521484375 -0036 -0001 00000
001041.25976562 -0009.521484375 -0032.958984375 -0032 00000 00000
001033.44726562 -00030.76171875 -000088.8671875 -0022 -0001 00000
001069.82421875 000012.20703125 00000000171.875 -0009 00002 00000
001036.62109375 -0027.587890625 000130.37109375 -0009 -0001 00000
001088.62304688 000000011.71875 -0439.697265625 -0004 -0003 00000
event
001039.30664062 -0021.728515625 00142.333984375 -0010 -0001 00000
0001034.1796875 000011.23046875 00221.435546875 -0039 -0001 00000
001041.25976562 00083.740234375 000198.73046875 -0067 00000 00000
001040.52734375 0000184.5703125 0000000132.8125 -0091 00000 00000
000001042.96875 00196.533203125 -0046.630859375 -0097 -0001 00000
001060.05859375 0000145.5078125 -00123.53515625 -0084 00000 00000
001055.90820312 00073.486328125 -00142.08984375 -0067 00000 00000
001037.59765625 000007.32421875 -00236.81640625 -0039 -0001 00000
001139.40429688 -0009.033203125 -0000560.546875 -0015 -0002 00000
001039.79492188 -0012.939453125 -0002.685546875 -0007 00000 00000
event
0000001039.0625 -00026.85546875 000000097.65625 -0006 -0001 00000
001048.33984375 -0016.357421875 000175.29296875 -0024 00000 00000
001045.41015625 00030.517578125 00226.318359375 -0050 00000 00000
000001042.96875 000135.25390625 0000221.6796875 -0081 00000 00000
001051.51367188 0000239.2578125 00087.646484375 -0105 00000 00000
0001051.7578125 000246.58203125 -0052.001953125 -0105 00000 00000
00001052.734375 000140.13671875 -0000232.421875 -0084 00000 00000
001065.18554688 000000019.53125 -0284.912109375 -0046 -0002 00000
001055.17578125 -00033.69140625 -00190.91796875 -0011 -0001 00000
001077.88085938 -0014.404296875 -0007.568359375 -0006 00001 00000
0001041.9921875 -0035.400390625 00036.376953125 -0009 -0001 00000
000944.82421875 00755.126953125 -000000002000.0 -0032 -0080 00003
00001162.109375 -0164.794921875 00587.158203125 00005 00021 00000
001062.98828125 -0033.447265625 00029.541015625 -0003 00000 00000
event
00001056.640625 -000020.5078125 00033.935546875 -0004 00001 00001
00001044.921875 -00002.44140625 00154.052734375 -0017 00000 00000
0001045.8984375 000000011.71875 0000000179.6875 -0040 -0001 00000
001041.25976562 000079.58984375 00201.904296875 -0066 00000 00000
001046.14257812 00160.400390625 0000098.6328125 -0088 00000 00000
0001045.8984375 000160.64453125 -0046.630859375 -0090 00000 00000
001052.49023438 00118.896484375 -00076.66015625 -0081 00000 00000
00000001046.875 00068.115234375 -0126.220703125 -0064 00000 00000
001051.51367188 00002.197265625 -0189.208984375 -0039 00000 00000
001050.29296875 -0027.099609375 -0080.810546875 -0015 -0001 00000
000919.43359375 000043.45703125 00223.388671875 -0005 -0009 00000
001056.15234375 -000000023.4375 000056.15234375 -0008 00001 00000
001384.03320312 -0034.423828125 001223.38867188 -0009 00034 00000
event
001047.36328125 -0024.658203125 000035.64453125 -0007 -0001 00000
001033.93554688 -0024.658203125 00051.513671875 -0011 00000 00000
0001038.0859375 -0021.728515625 00000056.640625 -0017 -0001 00000
001046.38671875 -00016.11328125 00042.724609375 -0023 -0001 00000
0001045.8984375 -00013.18359375 00018.310546875 -0026 -0002 00000
00000001046.875 -00003.41796875 00032.958984375 -0030 00000 00000
001038.81835938 -0006.103515625 00020.263671875 -0033 -0002 00000
000001035.15625 00000.732421875 00023.193359375 -0034 00000 00000
001055.17578125 000013.18359375 000016.11328125 -0035 00000 00000
0000001039.0625 00007.568359375 00029.541015625 -0038 -0002 00000
001045.41015625 00005.126953125 00000017.578125 -0040 -0001 00000
000001058.59375 00000009.765625 00004.150390625 -0042 00000 00000
001047.11914062 00010.009765625 0000016.6015625 -0043 00000 00000
001049.31640625 00014.892578125 -000004.8828125 -0045 00000 00000
001047.60742188 00008.544921875 -000010.7421875 -0041 00000 00000
001044.67773438 -000000.9765625 -0054.931640625 -0036 -0002 00000
0001045.8984375 -00026.85546875 -0000087.890625 -0021 -0001 00000
00840.576171875 00011.962890625 00324.462890625 -0007 -0015 00000
001034.42382812 -0017.333984375 00074.951171875 -0005 -0001 00000
event
001044.67773438 -0026.123046875 00008.056640625 -0003 -0001 00000
001050.53710938 -00017.08984375 0000047.8515625 -0005 -0001 00000
001043.45703125 -0000017.578125 000135.25390625 -0018 -0001 00000
001047.11914062 0000002.9296875 000136.23046875 -0035 -0002 00000
001034.66796875 00016.845703125 0000081.0546875 -0048 00001 00000
001031.98242188 00040.771484375 00037.353515625 -0055 -0002 00000
00001048.828125 00000052.734375 000022.94921875 -0058 00000 00000
001031.73828125 000052.24609375 00005.126953125 -0059 00000 00000
001052.24609375 0000049.8046875 -00000011.71875 -0058 00000 00000
001055.41992188 00000060.546875 -0030.517578125 -0055 00000 00000
001050.04882812 00025.146484375 -0064.697265625 -0048 00000 00000
001046.63085938 -000010.7421875 -0161.865234375 -0031 -0001 00000
000940.91796875 -0020.263671875 -0178.955078125 -0008 -0004 00001
001046.63085938 -0032.470703125 000000000031.25 -0002 -0001 00000
00001029.296875 -00028.80859375 00121.337890625 -0010 -0001 00000
001184.32617188 00021.728515625 00128.173828125 00006 00013 00001
001007.08007812 -0000052.734375 00128.173828125 00002 -0004 00000
001044.18945312 -0035.400390625 -0062.744140625 -0003 -0001 00000
event
001042.48046875 -0000025.390625 00038.330078125 -0009 -0001 00000
0001047.8515625 -0021.240234375 000056.15234375 -0016 00000 00000
001054.93164062 -0013.916015625 00056.396484375 -0024 00000 00000
001044.67773438 -00002.44140625 00054.931640625 -0032 -0001 00000
001050.29296875 00003.173828125 0000032.2265625 -0037 00000 00000
0001043.9453125 0000012.6953125 00061.767578125 -0041 -0002 00000
001045.41015625 00015.869140625 000040.52734375 -0045 -0001 00000
0001041.9921875 00042.236328125 00040.283203125 -0049 00000 00000
001027.83203125 000000042.96875 00032.958984375 -0053 -0001 00000
001033.44726562 00042.236328125 0000006.8359375 -0054 -0001 00000
001031.98242188 000035.64453125 -00030.76171875 -0050 00001 00000
000001050.78125 00015.380859375 -000026.3671875 -0044 00000 00000
001044.43359375 000001.46484375 -0121.826171875 -0033 00000 00000
00886.962890625 -00023.92578125 -000497.0703125 -0014 -0011 00000
001033.44726562 -0004.638671875 000075.68359375 -0003 -0001 00000
event
001038.33007812 -00025.87890625 00024.169921875 -0005 -0001 00000
001040.28320312 -0000021.484375 000052.24609375 -0009 -0001 00000
001046.38671875 -000016.6015625 000071.77734375 -0018 -0001 00000
001046.63085938 -000014.6484375 00000068.359375 -0027 -0001 00000
001046.14257812 -0004.150390625 00049.072265625 -0034 00001 00000
001043.45703125 00007.568359375 0000040.0390625 -0039 00000 00000
001047.60742188 000016.11328125 00042.236328125 -0043 00001 00000
001042.48046875 000030.76171875 00054.443359375 -0049 00000 00000
001043.70117188 00042.236328125 00028.076171875 -0055 00000 00000
001070.80078125 00053.955078125 00012.451171875 -0058 00000 00000
001044.67773438 00051.025390625 00000001.953125 -0058 00000 00000
001054.19921875 00043.212890625 -0040.771484375 -0055 -0001 00000
001053.46679688 000012.20703125 -00179.19921875 -0041 00000 00000
00972.412109375 -000069.3359375 -0505.126953125 -0017 00001 00001
001073.73046875 -0000000046.875 -0159.423828125 -0007 00001 00000
001034.66796875 -00034.66796875 00000087.890625 -0005 00000 00000
event
001049.56054688 -0022.705078125 000000019.53125 -0003 -0001 00000
001045.41015625 -0019.287109375 0000086.9140625 -0007 -0001 00000
0001045.8984375 -0010.498046875 00194.580078125 -0026 -0001 00000
001043.21289062 000027.83203125 00143.798828125 -0049 00000 00000
001051.51367188 00066.650390625 00068.115234375 -0064 00000 00000
001042.48046875 00078.857421875 -000000007.8125 -0065 00000 00000
00001052.734375 00066.650390625 -000012.6953125 -0063 00000 00000
001058.34960938 00072.998046875 -0009.521484375 -0060 00000 00000
001050.29296875 0000051.7578125 -0010.986328125 -0058 -0001 00000
001032.95898438 00037.841796875 -00027.83203125 -0054 00000 00000
00001048.828125 00008.056640625 -0124.755859375 -0042 00001 00000
00000912.109375 -00080.56640625 -0421.630859375 -0019 -0006 00003
0000887.6953125 -0005.615234375 -00321.77734375 -0010 -0006 00001
event
001045.16601562 -00026.85546875 00074.462890625 -0005 -0001 00000
001033.93554688 -0022.705078125 00107.666015625 -0017 00000 00000
00000001046.875 -0005.615234375 000098.14453125 -0031 00001 00000
001046.63085938 00014.404296875 000066.89453125 -0042 -0001 00000
001047.11914062 00025.634765625 00038.818359375 -0047 00000 00000
0001045.8984375 00033.447265625 000013.18359375 -0049 -0001 00000
001042.48046875 00025.146484375 -00007.32421875 -0049 -0001 00000
0001043.9453125 00020.263671875 -0009.521484375 -0047 00000 00000
001058.83789062 0000026.3671875 -00004.39453125 -0045 00000 00000
001044.43359375 00012.451171875 -0004.150390625 -0044 00000 00000
001048.09570312 00010.498046875 -00000027.34375 -0042 00001 00000
001045.16601562 00001.220703125 -0030.517578125 -0039 -0001 00000
001034.42382812 -000004.8828125 -00068.84765625 -0032 00000 00000
000001050.78125 -0014.404296875 -000090.8203125 -0020 00000 00000
000001144.53125 -0020.751953125 -0126.708984375 -0007 00006 00001
00001056.640625 -0033.447265625 00003.173828125 -0003 00001 00000
event
001047.11914062 -000018.5546875 000039.55078125 -0004 -0001 00000
0001053.7109375 -00000019.53125 0000071.2890625 -0011 -0002 00000
001031.73828125 -00007.32421875 000140.13671875 -0025 00001 00000
001044.67773438 00000029.296875 00095.458984375 -0041 00001 00000
001052.97851562 00040.771484375 000066.89453125 -0053 00000 00000
001049.07226562 000055.17578125 000013.18359375 -0057 -0001 00000
001052.00195312 000044.43359375 -0006.591796875 -0055 -0002 00000
001031.73828125 000038.57421875 -0002.197265625 -0053 00000 00000
001034.66796875 000020.01953125 00002.197265625 -0051 -0002 00000
001053.95507812 00000000015.625 -000000007.8125 -0049 00000 00000
00000001046.875 000021.97265625 -00038.57421875 -0044 00001 00000
0001047.8515625 0000000000000.0 -00062.98828125 -0036 -0002 00000
001045.65429688 -0016.845703125 -0104.248046875 -0024 -0001 00000
00999.755859375 00043.701171875 00161.376953125 -0008 -0002 00000
0001034.1796875 -0039.306640625 000099.12109375 -0006 -0002 00000
event
001049.31640625 -0024.658203125 00000068.359375 -0009 00000 00000
001041.50390625 -0017.333984375 00098.388671875 -0021 -0001 00000
001051.02539062 -000004.8828125 00000076.171875 -0032 00000 00000
001047.11914062 000000011.71875 000038.57421875 -0040 00000 00000
001045.41015625 000027.83203125 00000001.953125 -0042 00000 00000
001050.04882812 00000005.859375 -00006.34765625 -0040 00000 00000
001046.14257812 0000004.8828125 000001.46484375 -0038 00000 00000
001050.29296875 00004.638671875 00006.591796875 -0037 00000 00000
001048.33984375 -00014.16015625 -00006.34765625 -0035 -0002 00000
001031.98242188 00007.080078125 -00013.18359375 -0034 00000 00000
001051.02539062 -0003.173828125 00000.244140625 -0032 00000 00000
001049.31640625 -0002.685546875 00000.244140625 -0033 -0001 00000
001045.16601562 00000.244140625 00004.638671875 -0032 00000 00000
0001049.8046875 -00000003.90625 00003.173828125 -0031 -0001 00000
001046.14257812 -0011.474609375 -00005.37109375 -0029 00000 00000
001049.31640625 -000012.6953125 -00027.83203125 -0025 -0001 00000
001022.21679688 -00138.18359375 00422.607421875 -0014 00007 00000
001056.88476562 -0041.748046875 -0127.685546875 -0006 00000 00000
001060.05859375 -0046.142578125 -00076.66015625 -0005 00002 00000
0000001085.9375 -0000029.296875 -0184.814453125 00000 -0001 00000
event
001048.33984375 -00025.87890625 000009.27734375 -0003 -0001 00000
00001060.546875 -0026.123046875 000049.31640625 -0004 -0001 00000
001039.30664062 -00024.90234375 000092.28515625 -0014 -0001 00000
001040.52734375 -0000.732421875 00180.419921875 -0031 -0002 00000
001046.14257812 0000069.3359375 0000225.5859375 -0061 00000 00000
001040.28320312 00140.869140625 00041.748046875 -0083 00000 00000
001046.63085938 00129.638671875 -0012.939453125 -0080 00000 00000
001056.88476562 00109.130859375 -0020.751953125 -0077 00000 00000
001047.36328125 000098.14453125 -0056.396484375 -0073 00000 00000
001035.88867188 000032.71484375 -0170.654296875 -0053 -0001 00000
0000001054.6875 -00020.01953125 -00169.43359375 -0024 -0001 00000
00001166.015625 00026.123046875 -0307.373046875 -0011 00009 00001
0001077.1484375 -00017.08984375 -000040.0390625 -0006 00001 00000
001059.08203125 -00024.90234375 -00030.76171875 -0008 00001 00000
00954.345703125 000017.08984375 -0260.009765625 -0002 -0010 00000
001036.86523438 -0012.451171875 -0053.955078125 -0004 00003 00000
event
001044.67773438 -0025.146484375 00018.798828125 -0003 -0001 00000
001034.42382812 -00020.99609375 00120.361328125 -0011 -0001 00000
001042.48046875 -0005.615234375 00168.701171875 -0030 -0001 00000
001062.25585938 00033.935546875 00000000109.375 -0050 00000 00000
001050.53710938 00053.466796875 0000018.5546875 -0058 00000 00000
001045.41015625 00052.001953125 -0018.310546875 -0057 00000 00000
001045.41015625 00038.330078125 -00016.11328125 -0055 00000 00000
001017.82226562 00040.771484375 0000055.6640625 -0055 -0002 00000
001057.12890625 0000041.9921875 -0001.708984375 -0057 -0002 00000
001043.21289062 000036.62109375 -0026.611328125 -0052 00000 00000
001046.38671875 000022.94921875 -0080.322265625 -0044 00000 00000
001046.14257812 -0015.869140625 -00171.38671875 -0025 00000 00000
001030.51757812 -00035.64453125 -00048.33984375 -0007 -0003 00000
event


