event
001056.39648438 -0098.388671875 -000000000125.0 00008 00001 00001
001048.33984375 -0076.904296875 -0037.353515625 00015 -0001 00000
001049.07226562 -0000072.265625 -00073.73046875 00023 -0001 00000
001009.03320312 -0053.955078125 000003.41796875 00030 -0006 00000
0001024.4140625 -0040.771484375 000023.92578125 00034 -0003 00000
001032.95898438 -0049.560546875 00019.775390625 00035 -0004 00001
001035.64453125 -0055.419921875 00021.240234375 00036 -0003 00001
001040.77148438 -0048.095703125 00044.677734375 00037 -0004 00000
001012.20703125 -00034.66796875 00028.564453125 00035 -0005 00000
001060.79101562 -00040.52734375 0000030.2734375 00034 -0003 00001
001052.49023438 -0047.119140625 0000051.7578125 00032 -0002 00000
001044.43359375 -0070.556640625 00114.990234375 00019 -0004 00000
001050.53710938 -00092.28515625 000018.06640625 00010 -0001 00000
001030.51757812 -0000091.796875 00000072.265625 00006 -0002 00000
001050.29296875 -00082.51953125 000023.92578125 00000 00001 00000
event
001043.45703125 -0088.623046875 -0063.232421875 00002 -0001 00000
001026.12304688 -0057.373046875 -0118.408203125 00016 -0003 00000
001080.32226562 -0042.724609375 -0128.662109375 00035 -0001 00000
0000000001062.5 -00013.18359375 -00136.23046875 00051 -0004 00000
001050.04882812 00012.451171875 0000026.3671875 00055 -0005 00001
001060.79101562 -000004.8828125 00029.541015625 00052 -0004 00000
00001056.640625 -0017.822265625 00046.630859375 00049 -0004 00001
001058.83789062 -0031.494140625 00079.345703125 00042 -0003 00001
001063.72070312 -0052.978515625 00121.826171875 00027 -0002 00001
001049.31640625 -0075.439453125 00015.869140625 00019 -0002 00001
001052.24609375 -0073.486328125 00075.927734375 00012 -0001 00000
001039.30664062 -0084.228515625 0000106.4453125 00004 -0001 00000
event
0001024.4140625 -0072.509765625 -0070.556640625 00005 -0003 00000
001056.39648438 -00000058.59375 -00132.32421875 00022 -0003 00000
0001083.0078125 -0015.869140625 00008.544921875 00038 -0004 00001
001049.31640625 -0019.287109375 -0043.701171875 00049 -0002 00001
000001082.03125 -0028.564453125 -0007.080078125 00050 -0003 00001
001046.38671875 -00004.39453125 000025.87890625 00047 -0003 00000
001063.72070312 -0026.123046875 000014.16015625 00046 -0003 00001
00001044.921875 -0031.005859375 0000040.0390625 00044 -0004 00000
0001022.4609375 -0029.052734375 00024.169921875 00043 -0003 00001
001157.71484375 -00011.23046875 00252.197265625 00042 00002 00000
000976.07421875 -00141.11328125 00241.455078125 00023 -0005 00000
0001018.5546875 -0079.345703125 000069.82421875 00011 -0004 00000
001063.72070312 -0087.158203125 000004.39453125 00009 -0001 00001
001060.30273438 -00091.30859375 000017.08984375 00008 -0001 00000
00001041.015625 -000075.1953125 00016.357421875 00006 -0001 00000
001033.93554688 -0067.138671875 000027.83203125 00004 -0002 00000
001015.13671875 -0085.693359375 000003.41796875 00001 -0002 00000
event
001047.11914062 -0087.158203125 -0054.931640625 00004 -0001 00000
000001050.78125 -000071.2890625 -0107.177734375 00017 -0001 00000
001019.28710938 -0041.259765625 -0097.900390625 00031 -0003 00000
001042.23632812 -000002.9296875 -0011.474609375 00047 -0004 00001
001035.88867188 -00000011.71875 00042.236328125 00045 -0006 00000
001072.50976562 -0000021.484375 00014.404296875 00044 -0003 00001
001073.73046875 -0050.048828125 000000027.34375 00042 -0002 00001
001027.09960938 -000040.0390625 00044.677734375 00041 -0005 00000
001041.25976562 -0034.912109375 0000038.0859375 00040 -0005 00001
001025.14648438 -0036.865234375 0000000.9765625 00038 -0002 00001
001047.36328125 -00044.43359375 00004.150390625 00037 -0004 00001
001021.72851562 -0053.955078125 00044.677734375 00036 -0004 00001
001065.18554688 -00049.31640625 -00002.44140625 00033 -0001 00001
001081.29882812 -0086.181640625 00000931.640625 00009 00005 00000
event
001041.25976562 -000086.9140625 -0035.888671875 00001 00001 00000
00001005.859375 -0110.107421875 -00000042.96875 00010 -0001 00000
0001045.8984375 -000065.4296875 -00134.27734375 00023 -0001 00000
001098.38867188 -0044.189453125 -0096.923828125 00037 00000 00001
000001050.78125 -0029.052734375 -0000005.859375 00045 -0003 00001
001036.37695312 -0023.681640625 000021.97265625 00043 -0004 00001
001022.21679688 -0046.142578125 00052.978515625 00043 -0005 00001
001053.46679688 -0029.052734375 000000027.34375 00042 -0003 00000
001016.11328125 -0003.662109375 00000060.546875 00041 -0004 00000
001038.33007812 -0024.169921875 00025.146484375 00040 -0003 00001
00001064.453125 -00030.76171875 00013.427734375 00038 -0001 00001
000001035.15625 -0031.494140625 0000047.8515625 00036 -0004 00001
001079.83398438 -00053.22265625 00075.927734375 00026 -0002 00000
000001042.96875 -0073.974609375 00053.466796875 00017 -0002 00000
00001041.015625 -0071.044921875 000000000031.25 00012 -0001 00000
001032.71484375 -0072.021484375 000059.08203125 00008 -0002 00000
event
001040.28320312 -00089.35546875 -0065.185546875 00000 -0001 00000
001169.18945312 -0030.029296875 -0408.447265625 00021 00010 00001
0000001070.3125 000002.44140625 -00229.98046875 00054 -0004 00000
001039.79492188 00001.220703125 00051.513671875 00064 -0006 00001
001047.60742188 0000000000000.0 -00008.30078125 00061 -0005 00001
001031.98242188 00002.197265625 00042.236328125 00059 -0006 00001
001025.14648438 -0015.380859375 00052.001953125 00057 -0006 00001
000001058.59375 0000006.8359375 00028.564453125 00055 -0005 00001
001089.11132812 00013.916015625 0000073.2421875 00051 -0001 00001
00001025.390625 -0051.513671875 000123.53515625 00033 -0003 00001
001027.83203125 -0082.763671875 000255.37109375 00018 -0006 00000
event
001051.26953125 -00081.54296875 -0035.400390625 00002 -0001 00000
001102.78320312 -0080.322265625 -0000154.296875 00012 00003 00000
001069.82421875 -0067.626953125 -0100.830078125 00023 -0001 00001
001061.27929688 -000043.9453125 -00075.68359375 00035 -0002 00001
000001050.78125 -0027.587890625 -00038.57421875 00042 -0004 00001
0001059.5703125 -00019.04296875 -00014.16015625 00045 -0003 00001
001053.46679688 -000016.6015625 00015.869140625 00045 -0004 00001
0001018.5546875 -0022.216796875 000040.52734375 00044 -0005 00001
001060.05859375 -0031.005859375 00013.916015625 00042 -0003 00001
001043.45703125 -0029.052734375 00008.056640625 00041 -0003 00001
001045.41015625 -00035.64453125 00019.775390625 00039 -0003 00001
0001034.1796875 -0041.748046875 00065.673828125 00036 -0004 00000
001073.48632812 -00059.08203125 00136.962890625 00025 -0002 00000
001024.90234375 -00091.30859375 000083.49609375 00009 -0002 00000
001050.29296875 -00080.56640625 0000000.9765625 00007 -0001 00000
001051.26953125 -00082.51953125 00000013.671875 00004 00001 00000
00001041.015625 -0080.810546875 00004.638671875 00002 00001 00000
001057.12890625 -0076.416015625 00020.263671875 00000 00000 00000
event
001044.18945312 -0088.134765625 -0021.728515625 00000 -0001 00000
001045.16601562 -00077.63671875 -00031.73828125 00006 -0001 00000
001047.60742188 -0078.369140625 -0065.673828125 00015 -0002 00000
0001049.8046875 -0060.302734375 -00086.42578125 00027 -0002 00001
001040.77148438 -0047.119140625 -00014.16015625 00035 -0003 00000
001041.25976562 -0045.166015625 00012.451171875 00037 -0003 00001
000001035.15625 -0042.236328125 0000000000000.0 00037 -0004 00001
001062.01171875 -00000042.96875 -0011.474609375 00040 -0002 00001
001050.53710938 -00035.64453125 00014.892578125 00039 -0003 00001
00001048.828125 -0041.259765625 000025.87890625 00038 -0003 00001
00001033.203125 -000038.0859375 00031.005859375 00037 -0004 00001
001045.65429688 -00000050.78125 00026.611328125 00036 -0003 00001
001042.48046875 -00051.26953125 00006.591796875 00034 -0001 00001
001076.41601562 -0039.794921875 0000006.8359375 00033 -0002 00001
001033.44726562 -00000050.78125 00122.802734375 00027 -0001 00001
001059.81445312 -0064.697265625 00050.537109375 00017 00000 00000
event
00001060.546875 -0078.369140625 -0007.080078125 00002 -0001 00001
0000001054.6875 -00000082.03125 -000000023.4375 00007 -0001 00001
001043.70117188 -00000082.03125 -000018.5546875 00010 -0001 00000
001040.77148438 -00076.66015625 -0019.287109375 00015 -0002 00000
001052.24609375 -00072.75390625 -0012.939453125 00019 -0002 00001
000001050.78125 -0072.998046875 -0006.103515625 00022 -0002 00000
001039.30664062 -000061.5234375 00002.197265625 00024 -0002 00001
001057.37304688 -00061.03515625 000010.25390625 00026 -0003 00000
0001059.5703125 -0047.607421875 00002.197265625 00027 -0001 00000
0001040.0390625 -00063.96484375 -00040.52734375 00027 -0002 00001
0001041.9921875 -0061.767578125 000022.94921875 00027 -0002 00001
001034.66796875 -0052.490234375 00013.916015625 00027 -0002 00001
00001041.015625 -0058.837890625 000017.08984375 00026 -0001 00000
001042.48046875 -00060.05859375 0000024.4140625 00025 -0002 00001
0001043.9453125 -0048.583984375 000027.83203125 00024 -0003 00001
001050.53710938 -0065.185546875 0000018.5546875 00023 -0002 00000
00001068.359375 -00000058.59375 00012.451171875 00022 -0001 00000
001045.16601562 -0065.673828125 00015.380859375 00021 -0002 00000
0001051.7578125 -0076.416015625 0000026.3671875 00021 -0003 00000
001018.79882812 -0083.740234375 00017.822265625 00020 -0004 00001
001040.52734375 -0069.580078125 00045.166015625 00017 -0002 00001
0001043.9453125 -0072.021484375 00074.462890625 00012 -0004 00000
event
001062.01171875 -000026.3671875 -0070.068359375 00005 00000 00000
001061.76757812 -000022.4609375 -000053.7109375 00015 00001 00000
001052.97851562 -0000009.765625 -00000050.78125 00022 -0001 00000
001037.59765625 -0000009.765625 -0001.220703125 00029 -0001 00000
001043.21289062 00005.615234375 -0007.568359375 00032 -0001 00000
001049.31640625 0000006.8359375 -00003.41796875 00033 -0001 00000
001048.33984375 000002.44140625 0000000023.4375 00033 -0001 00000
001041.50390625 -0000013.671875 00014.892578125 00032 -0001 00001
001044.67773438 00001.708984375 00017.822265625 00032 -0001 00000
001047.36328125 0000000000000.0 00000000046.875 00030 -0001 00000
00001041.015625 -0008.056640625 -00035.64453125 00030 -0001 00000
0001040.0390625 00000.732421875 000000000031.25 00028 -0001 00000
001057.86132812 -0003.173828125 00017.822265625 00027 -0002 00000
00000001046.875 -0011.962890625 00023.681640625 00025 -0001 00000
001042.48046875 -000008.7890625 00000033.203125 00024 -0001 00000
001033.93554688 -0006.591796875 0000069.3359375 00017 -0002 00000
001044.43359375 -0019.287109375 000082.51953125 00008 -0001 00000
001040.52734375 -0028.564453125 00025.634765625 00001 -0001 00000
event
001051.26953125 -0028.076171875 -00038.57421875 00001 -0001 00000
000972.16796875 -00047.36328125 -00070.80078125 00011 -0001 00000
001049.07226562 -00001.46484375 -0102.294921875 00024 00001 00001
001047.11914062 00009.521484375 -0054.443359375 00037 -0001 00000
0001053.7109375 00017.333984375 -00012.20703125 00042 00001 00001
001082.51953125 000018.06640625 -0025.146484375 00042 00000 00001
001035.64453125 00016.357421875 00021.728515625 00040 -0001 00000
00001041.015625 000013.18359375 000000011.71875 00039 -0001 00000
001042.23632812 00023.193359375 -0026.123046875 00037 -0001 00001
001050.29296875 00003.662109375 000000027.34375 00036 -0001 00001
001033.69140625 000005.37109375 00051.513671875 00034 -0001 00000
001047.36328125 0000004.8828125 -00017.08984375 00033 -0001 00000
000000001031.25 00000017.578125 000024.90234375 00032 -0002 00000
001057.37304688 000005.37109375 00017.333984375 00030 00000 00001
001055.90820312 -0000001.953125 00067.626953125 00022 -0001 00001
event
001044.67773438 -00027.83203125 -00015.13671875 00000 -0001 00000
001045.16601562 -000030.2734375 000023.92578125 00002 -0001 00000
001040.28320312 -00023.92578125 000015.13671875 00003 -0002 00000
00001044.921875 -0023.681640625 00000.244140625 00004 -0001 00000
001060.79101562 -00026.85546875 00017.333984375 00004 -0001 00000
001039.55078125 -0027.587890625 00003.173828125 00004 -0001 00000
001052.97851562 -000000023.4375 00010.986328125 00003 -0001 00000
00000001046.875 -000024.4140625 00000.244140625 00003 -0001 00000
0001057.6171875 -0034.912109375 00014.404296875 00002 -0001 00000
00001048.828125 -0028.076171875 00010.986328125 00002 -0001 00000
001045.41015625 -0023.193359375 -0003.173828125 00003 -0001 00000
001036.37695312 -0028.564453125 -0002.197265625 00004 -0001 00000
001041.50390625 -00000027.34375 00012.939453125 00005 -0001 00000
001044.18945312 -000024.4140625 00000.244140625 00006 -0001 00000
001049.31640625 -0000021.484375 00007.080078125 00007 -0001 00001
0001049.8046875 -00025.87890625 -000004.8828125 00007 00000 00000
001045.41015625 -000022.4609375 -00001.46484375 00009 -0001 00000
001053.46679688 -0024.169921875 00012.939453125 00011 -0001 00000
001034.42382812 -0020.751953125 000000003.90625 00013 -0001 00000
0001045.8984375 -0024.658203125 000007.32421875 00011 -0001 00000
001038.33007812 -00026.85546875 0000012.6953125 00011 -0001 00000
00001044.921875 -0000021.484375 000020.01953125 00010 -0001 00000
001051.26953125 -0018.798828125 0000018.5546875 00010 00001 00000
001052.97851562 -0026.611328125 -0041.259765625 00013 -0001 00000
001034.66796875 -0000044.921875 00025.146484375 00013 00000 00000
001019.77539062 -000010.7421875 0000041.9921875 00009 -0002 00000
001041.50390625 -00043.45703125 000074.70703125 00001 -0001 00000
event
001097.16796875 -00081.54296875 -0035.400390625 00002 -0001 00000
001060.05859375 -00046.38671875 -00000128.90625 00009 00000 00001
001055.41992188 -00026.85546875 -0052.001953125 00012 00000 00000
001049.56054688 -00013.18359375 000023.92578125 00015 -0001 00000
001047.36328125 -00009.27734375 -0083.251953125 00020 00000 00000
000001058.59375 00000.244140625 -0033.447265625 00031 -0001 00001
001049.07226562 00009.521484375 -00041.50390625 00036 -0001 00000
001047.60742188 00026.123046875 -0036.376953125 00042 -0001 00000
001058.34960938 0000016.6015625 000021.97265625 00045 -0001 00001
0001000.9765625 -0008.056640625 0000231.4453125 00039 -0004 00000
001049.31640625 -0000.732421875 -000026.3671875 00031 00001 00001
00001056.640625 -00003.41796875 0000010.7421875 00027 -0001 00001
001041.74804688 -0013.916015625 000065.91796875 00022 -0001 00000
001050.04882812 -0017.822265625 -00006.34765625 00020 00000 00000
0000001039.0625 -0016.357421875 0000026.3671875 00020 -0001 00001
001048.58398438 -0020.751953125 00067.626953125 00017 -0002 00000
0001045.8984375 -0018.798828125 000044.43359375 00011 -0001 00000
001044.18945312 -0024.169921875 00081.298828125 00004 -0001 00000
event
001068.60351562 -0019.775390625 -0060.302734375 00000 00001 00000
001152.09960938 00000.732421875 -000200.1953125 00019 00010 00001
001046.63085938 000005.37109375 -0084.228515625 00034 -0001 00000
001055.17578125 0000047.8515625 -0104.248046875 00049 -0002 00001
00000001046.875 000065.91796875 00000.244140625 00058 -0001 00001
001016.11328125 00072.021484375 -0038.330078125 00061 -0001 00001
001036.62109375 000074.70703125 00068.603515625 00059 -0001 00001
001042.48046875 00000048.828125 00084.228515625 00050 -0001 00001
001043.21289062 000000027.34375 00063.232421875 00039 -0001 00001
001042.72460938 -0005.615234375 00142.822265625 00024 -0001 00000
001044.18945312 -000000023.4375 0000081.0546875 00005 -0001 00001
001042.72460938 -0024.658203125 00041.748046875 00000 -0001 00000
event
001014.40429688 -00023.92578125 -0109.619140625 00000 00000 00000
0001040.0390625 0000024.4140625 00158.447265625 00017 -0005 00000
001054.93164062 -00017.08984375 00000.732421875 00025 -0001 00000
001061.03515625 -0008.056640625 -0032.470703125 00027 -0001 00000
001038.81835938 -000002.9296875 00036.865234375 00027 -0001 00000
0001036.1328125 -000000007.8125 -00019.04296875 00027 -0001 00000
00001041.015625 000012.20703125 0000006.8359375 00030 -0001 00000
001058.83789062 000013.18359375 000003.41796875 00031 -0001 00000
000001042.96875 0000004.8828125 00000000015.625 00029 -0001 00000
001051.26953125 00003.662109375 -0014.892578125 00030 00000 00001
001044.43359375 -0000.244140625 00000009.765625 00030 -0001 00001
001043.21289062 -00000003.90625 000028.80859375 00029 -0001 00000
00001048.828125 -0006.103515625 00000044.921875 00026 -0001 00000
001049.31640625 -00000011.71875 00035.888671875 00022 -0002 00000
00001033.203125 -0010.009765625 000063.96484375 00017 -0001 00000
001039.55078125 -00021.97265625 00042.724609375 00011 -0001 00000
001044.18945312 -0024.658203125 00017.822265625 00006 -0001 00000
0001061.5234375 -0023.681640625 -00019.04296875 00009 -0002 00000
001064.69726562 -0000021.484375 00002.685546875 00010 00000 00001
001046.14257812 -0018.798828125 00012.939453125 00008 00000 00000
001052.97851562 -0021.240234375 00041.259765625 00005 -0002 00001
event
00001052.734375 -000028.3203125 -0021.728515625 00001 -0002 00000
001029.05273438 -0024.658203125 0000002.9296875 00005 -0002 00000
000001050.78125 -00026.85546875 -000034.1796875 00009 -0001 00000
001049.07226562 -00024.90234375 -000014.6484375 00013 -0001 00001
001046.38671875 -00024.90234375 000003.41796875 00015 -0001 00000
001045.41015625 -0020.263671875 00015.869140625 00016 -0001 00000
001050.04882812 -0029.541015625 0000004.8828125 00015 00001 00000
001043.21289062 -0022.216796875 00000000015.625 00014 -0001 00000
001042.72460938 -0016.357421875 00003.662109375 00013 -0001 00000
001050.29296875 -00020.01953125 0000008.7890625 00013 -0001 00000
000001042.96875 -0020.263671875 0000010.7421875 00014 -0001 00000
00000001046.875 -00020.01953125 00002.685546875 00014 -0001 00000
001045.41015625 -0000000015.625 -00004.39453125 00015 -0001 00001
001044.18945312 -0022.216796875 -00016.11328125 00017 -0001 00000
001043.45703125 -0012.451171875 -00005.37109375 00021 -0001 00000
00001048.828125 -0006.591796875 000000019.53125 00022 -0001 00000
001045.16601562 -0010.009765625 000000.48828125 00022 -0001 00000
001047.11914062 -0011.474609375 00025.634765625 00021 00000 00000
001051.02539062 -0000000015.625 000030.76171875 00018 -0001 00000
001046.63085938 -0002.685546875 0000038.0859375 00015 -0001 00000
001046.38671875 -0016.357421875 00008.056640625 00013 -0001 00000
001048.58398438 -000024.4140625 00018.310546875 00013 -0001 00000
001046.63085938 -0023.193359375 0000016.6015625 00012 -0001 00000
001047.11914062 -00018.06640625 00013.427734375 00012 -0001 00000
0001040.0390625 -000024.4140625 00000009.765625 00011 -0001 00000
001047.11914062 -00027.83203125 000000035.15625 00008 -0001 00000
001045.65429688 -000030.2734375 0000000023.4375 00006 -0001 00000
0001057.6171875 -0024.658203125 -00004.39453125 00004 00000 00000
001046.14257812 -00024.90234375 0000016.6015625 00002 -0001 00000
001046.14257812 -00000027.34375 00018.310546875 00001 -0001 00000
event
001072.02148438 -000030.2734375 -0039.306640625 00001 00001 00000
001005.37109375 -00002.44140625 -0254.638671875 00023 -0003 00000
001046.63085938 00013.427734375 -0038.818359375 00038 -0001 00001
001038.81835938 00037.841796875 -0089.111328125 00049 -0001 00001
001047.60742188 0000081.0546875 -00000000093.75 00064 -0001 00001
001054.19921875 00124.755859375 -0039.306640625 00077 -0001 00001
00839.111328125 00000111.328125 000308.10546875 00076 -0012 00001
001030.02929688 00051.513671875 000220.21484375 00053 -0001 00001
0001040.0390625 -0003.173828125 000120.60546875 00030 -0001 00001
001038.33007812 -0015.380859375 00154.052734375 00016 00000 00000
001050.29296875 -000026.3671875 00066.162109375 00000 00000 00000
event
0000973.6328125 -0028.076171875 -00048.33984375 00001 -0001 00000
001006.10351562 00000025.390625 -0179.443359375 00032 -0003 00001
001057.37304688 000049.31640625 -000208.0078125 00054 00000 00001
001031.49414062 00139.404296875 -000086.9140625 00078 -0002 00001
001062.25585938 000165.52734375 00000001.953125 00087 00000 00001
0001030.2734375 000135.25390625 00055.419921875 00074 -0001 00001
001047.11914062 00035.888671875 000303.22265625 00045 -0001 00001
001041.74804688 -0000009.765625 00117.431640625 00018 00000 00000
001039.55078125 -0020.751953125 -0028.076171875 00011 00001 00000
0001047.8515625 -0024.658203125 00072.509765625 00002 -0001 00000
001038.81835938 -00025.87890625 00023.681640625 -0002 -0001 00000
001046.63085938 -000024.4140625 -0000000015.625 00000 -0001 00001
001044.67773438 -0029.052734375 00013.427734375 00000 -0001 00000
event
00001134.765625 -0031.982421875 -0288.330078125 00021 00004 00000
001046.63085938 00029.052734375 -00079.58984375 00039 -0001 00001
0001047.8515625 000036.62109375 0000000023.4375 00048 -0001 00000
001041.74804688 00041.748046875 000002.44140625 00046 -0001 00001
000001042.96875 00032.470703125 00009.033203125 00046 -0001 00000
001056.15234375 00030.517578125 00000021.484375 00044 -0001 00000
001045.16601562 00026.611328125 00000029.296875 00043 -0001 00000
001061.76757812 00033.935546875 0000057.6171875 00039 00000 00001
001041.25976562 -0003.173828125 00056.884765625 00028 -0001 00000
001048.58398438 -0011.962890625 00039.306640625 00023 -0001 00000
001044.43359375 -00020.99609375 0000026.3671875 00018 -0001 00000
001048.33984375 -000020.5078125 00101.806640625 00011 -0001 00001
001047.60742188 -00000027.34375 00037.841796875 00001 -0001 00000
event
0001055.6640625 000005.37109375 -0203.369140625 00014 -0002 00000
001052.97851562 00012.451171875 -000163.0859375 00039 -0001 00000
001047.36328125 00037.841796875 -000077.1484375 00053 -0001 00001
001046.63085938 00061.279296875 -000020.5078125 00059 00000 00001
0001041.9921875 00074.951171875 -0010.498046875 00060 -0001 00001
001022.94921875 00000064.453125 00138.427734375 00057 -0003 00000
0000001054.6875 00034.423828125 -0004.150390625 00053 -0001 00001
001056.88476562 000032.71484375 000000160.15625 00042 -0001 00001
001044.67773438 -0001.708984375 00000068.359375 00026 -0001 00000
000001050.78125 -00015.13671875 00029.052734375 00020 -0001 00001
001043.21289062 -0000021.484375 00116.455078125 00009 -0001 00000
001059.32617188 -000016.6015625 000000027.34375 00000 -0001 00000
event
00984.619140625 00029.052734375 00107.177734375 00003 -0006 00001
001062.01171875 000007.32421875 -000262.6953125 00033 00000 00000
00001029.296875 00052.490234375 -00016.11328125 00055 -0002 00001
001043.70117188 0000061.5234375 -0001.708984375 00059 -0001 00001
001044.43359375 00060.302734375 000000027.34375 00057 -0001 00001
001044.67773438 00056.396484375 0000000023.4375 00054 -0001 00001
001032.71484375 000029.78515625 00043.212890625 00050 -0001 00000
001039.79492188 000022.94921875 00126.708984375 00041 -0001 00001
001053.46679688 -00006.34765625 00039.794921875 00028 -0001 00000
000000001031.25 -0005.126953125 00039.306640625 00023 -0001 00000
001037.35351562 -00029.78515625 000000074.21875 00017 -0001 00000
001061.03515625 -0020.751953125 0000067.3828125 00010 -0001 00000
001059.81445312 -0000025.390625 0000051.7578125 00001 -0001 00000
event
00992.431640625 -000045.8984375 00071.533203125 00003 -0003 00000
001071.77734375 00014.404296875 -0118.408203125 00018 00000 00001
001044.18945312 -0010.009765625 -0000029.296875 00030 -0001 00000
0001053.7109375 00000.732421875 -000004.8828125 00033 -0001 00000
001046.38671875 0000004.8828125 -000000.9765625 00034 -0001 00000
001044.43359375 0000006.8359375 000008.30078125 00036 -0001 00001
001006.34765625 00008.056640625 00063.720703125 00035 -0003 00000
001025.63476562 00027.587890625 -00000089.84375 00033 -0002 00001
001060.79101562 0000000.9765625 000075.68359375 00032 00001 00001
00000001046.875 -0001.708984375 -0028.076171875 00030 -0001 00000
001044.18945312 -0000.732421875 000000019.53125 00030 -0001 00000
001038.81835938 -00002.44140625 00035.400390625 00028 -0001 00000
001051.26953125 -0000.732421875 0000006.8359375 00026 -0001 00001
000001042.96875 -00007.32421875 00038.818359375 00023 -0001 00000
0001049.8046875 -00015.13671875 000029.78515625 00019 -0001 00000
0001045.8984375 -00024.90234375 00034.423828125 00016 -0001 00000
001053.22265625 -00023.92578125 00054.443359375 00010 -0001 00000
001043.70117188 -00000000031.25 000061.03515625 00004 -0001 00000
001060.05859375 -0029.052734375 0000004.8828125 00002 -0001 00000
001052.00195312 -0020.751953125 00017.333984375 00000 -0001 00000
event
001052.00195312 -0000017.578125 -000000085.9375 00001 00001 00001
001012.93945312 00012.451171875 -00120.60546875 00028 -0003 00000
000001042.96875 00030.517578125 -0059.326171875 00044 -0001 00001
001049.07226562 00059.326171875 -0015.869140625 00051 -0001 00001
001056.15234375 000053.22265625 00007.568359375 00053 -0001 00001
0001040.0390625 00054.443359375 -00002.44140625 00054 -0001 00001
001032.47070312 00032.470703125 0000110.3515625 00053 -0001 00000
00001037.109375 00042.236328125 00015.380859375 00048 -0001 00001
001048.09570312 0000000023.4375 000033.69140625 00041 00001 00001
0001043.9453125 0000012.6953125 000138.18359375 00029 -0001 00001
001057.37304688 -0000000015.625 0000022.4609375 00020 -0001 00001
001043.45703125 -0000017.578125 000051.26953125 00015 -0001 00001
001056.39648438 -0017.822265625 00066.650390625 00007 -0001 00000
001049.07226562 -00021.97265625 000035.64453125 00000 -0001 00000
event
001054.93164062 -0031.494140625 -0103.759765625 00005 00001 00001
001064.20898438 -0017.822265625 -0127.197265625 00022 00000 00000
00001041.015625 00010.986328125 -0049.072265625 00037 -0001 00000
001048.33984375 00037.841796875 -0040.283203125 00048 -0001 00000
001049.56054688 00030.029296875 000000003.90625 00048 -0001 00001
001058.83789062 00030.517578125 000010.25390625 00047 -0001 00001
0000001039.0625 000024.90234375 00046.630859375 00045 -0001 00001
001052.49023438 00042.724609375 000047.36328125 00045 -0004 00000
001058.34960938 000029.78515625 00000000078.125 00042 00001 00001
0001041.9921875 000015.13671875 00000000015.625 00040 -0001 00000
001049.56054688 00000009.765625 -00001.46484375 00039 -0001 00000
001021.97265625 -00001.46484375 00099.365234375 00033 -0002 00001
0001040.0390625 -00020.01953125 000144.04296875 00014 -0001 00000
001047.36328125 -0021.240234375 00009.033203125 00006 00000 00001
event
0001020.5078125 000019.04296875 -000000367.1875 00019 -0003 00000
001088.13476562 00115.478515625 -0448.974609375 00077 00000 00001
001042.72460938 0000278.3203125 -0017.333984375 00106 -0002 00001
001097.90039062 00201.904296875 00078.857421875 00098 00002 00001
001096.43554688 00194.091796875 -0007.568359375 00087 00002 00001
001030.76171875 00000037.109375 00574.951171875 00047 -0002 00001
001046.63085938 -00019.04296875 00049.072265625 00015 00000 00000
001021.72851562 -00041.50390625 00086.181640625 00001 -0004 00000
event
001050.53710938 -0000029.296875 -0069.580078125 00007 -0001 00000
0001061.5234375 -0014.892578125 -0088.134765625 00020 -0001 00000
001035.40039062 00006.591796875 -0070.068359375 00033 -0001 00001
001049.31640625 00022.216796875 -000034.1796875 00041 -0001 00001
00000001046.875 00018.310546875 -0020.263671875 00046 -0001 00000
001285.40039062 00029.541015625 -0000341.796875 00045 00012 00001
001036.86523438 00039.306640625 000025.87890625 00045 -0001 00001
001009.03320312 000039.55078125 -0095.947265625 00042 -0006 00001
001044.18945312 00000021.484375 -00000000031.25 00042 -0001 00000
00001044.921875 00017.822265625 00085.205078125 00040 -0001 00000
001044.67773438 00012.451171875 00031.005859375 00038 -0001 00001
001046.38671875 000001.46484375 0000059.5703125 00030 -0001 00000
0001043.9453125 -00000011.71875 00000142.578125 00017 -0001 00000
0001043.9453125 -0025.634765625 000063.96484375 00003 -0001 00000
event
001048.09570312 -0029.052734375 -00053.22265625 00005 -0001 00000
001052.49023438 -000024.4140625 0000030.2734375 00011 -0002 00000
001033.69140625 -00025.87890625 -0033.447265625 00017 -0001 00000
00001044.921875 -0010.498046875 -0002.197265625 00022 -0001 00001
00001013.671875 -0007.568359375 00000.732421875 00026 -0003 00000
001021.24023438 -00000.48828125 0000024.4140625 00028 -0001 00000
001059.08203125 -000002.9296875 -0026.123046875 00031 00000 00000
001046.38671875 00005.615234375 00010.009765625 00032 -0001 00001
001032.95898438 000000.48828125 00021.240234375 00031 -0001 00001
001049.07226562 -0006.103515625 00017.333984375 00030 -0001 00000
001042.48046875 -0004.638671875 00022.216796875 00029 -0001 00000
001049.31640625 -0012.939453125 00015.869140625 00028 -0001 00000
001048.33984375 -0003.173828125 000020.99609375 00027 -0001 00001
001038.33007812 -0007.080078125 00006.103515625 00026 -0001 00000
001041.25976562 -00009.27734375 00008.544921875 00025 -0001 00000
001051.02539062 -000000007.8125 00019.775390625 00023 -0001 00000
0001051.7578125 -0010.009765625 000026.85546875 00021 -0001 00000
0001047.8515625 -00014.16015625 000034.66796875 00017 -0001 00000
001045.41015625 -0022.216796875 00000060.546875 00011 -0001 00000
00001044.921875 -0025.634765625 00041.748046875 00005 -0001 00000
001049.07226562 -0020.751953125 000020.99609375 00003 -0001 00000
001047.60742188 -0021.240234375 000031.73828125 00000 -0001 00000
event
001048.09570312 -00027.83203125 -0032.958984375 00001 -0001 00000
0001049.8046875 -00017.08984375 -0017.333984375 00005 00000 00000
001042.72460938 -0019.287109375 -0021.240234375 00009 -0001 00000
00001033.203125 -0025.634765625 00039.794921875 00013 -0004 00000
001046.14257812 -0023.193359375 -00003.41796875 00015 -0001 00000
00000001046.875 -0021.728515625 000018.06640625 00016 -0001 00000
001047.11914062 -0019.287109375 0000014.6484375 00015 00000 00000
001045.16601562 -000022.4609375 00013.427734375 00015 -0001 00000
001055.90820312 -0024.658203125 -0025.146484375 00015 -0001 00000
0001049.8046875 -0021.240234375 00026.611328125 00016 -0001 00000
001045.41015625 -0010.498046875 00000013.671875 00016 -0001 00000
001042.72460938 -0017.333984375 00001.708984375 00016 -0001 00000
00000001046.875 -0018.798828125 00008.544921875 00016 -0001 00001
001049.07226562 -0000013.671875 00004.150390625 00016 -0001 00000
001051.02539062 -00016.11328125 00010.498046875 00016 -0001 00000
00001048.828125 -000018.5546875 000013.18359375 00016 -0001 00000
001044.43359375 -00015.13671875 00011.474609375 00016 -0001 00000
001032.71484375 -00016.11328125 00020.263671875 00015 -0001 00000
001031.49414062 -0030.029296875 0000008.7890625 00015 -0001 00000
001044.67773438 -0021.728515625 0000008.7890625 00015 -0001 00000
001042.48046875 -00020.01953125 00008.056640625 00015 -0001 00000
001062.25585938 -0018.798828125 00012.939453125 00016 -0001 00001
001061.27929688 -0017.333984375 00019.775390625 00015 -0001 00000
001053.22265625 -0019.775390625 00016.357421875 00014 -0001 00000
001046.38671875 -000020.5078125 0000026.3671875 00013 -0001 00000
000000001031.25 -0026.123046875 0000020.5078125 00012 -0001 00000
001043.45703125 -0022.216796875 00023.193359375 00011 -0001 00000
001042.23632812 -0023.193359375 00000013.671875 00010 -0001 00000
001032.95898438 -00018.06640625 00003.173828125 00009 -0001 00000
001046.38671875 -000000023.4375 00025.146484375 00008 -0001 00000
00001041.015625 -00028.80859375 000022.94921875 00006 -0001 00000
001048.09570312 -0024.169921875 00024.658203125 00003 -0001 00000
001044.18945312 -0024.658203125 00039.794921875 00001 -0001 00000
event
001050.29296875 -0025.634765625 -0030.029296875 00000 -0001 00000
001116.94335938 -0031.005859375 -0148.193359375 00009 00002 00000
00980.224609375 -00000011.71875 -0010.009765625 00025 -0005 00000
00978.271484375 00034.912109375 -000071.2890625 00043 -0003 00001
001037.35351562 0000059.5703125 -0000052.734375 00054 -0001 00001
000001058.59375 00000072.265625 -0023.193359375 00058 00000 00001
00001044.921875 000052.24609375 00017.822265625 00058 -0001 00001
001045.65429688 00060.302734375 00015.869140625 00056 -0001 00001
001028.80859375 0000061.5234375 00000000015.625 00054 -0002 00001
001045.41015625 000031.73828125 000106.93359375 00046 -0001 00001
001041.50390625 -0003.662109375 000180.17578125 00028 -0001 00001
001042.48046875 -0027.587890625 00114.990234375 00005 -0001 00000
event
0001041.9921875 -00028.80859375 -00000003.90625 00000 -0001 00000
0001047.8515625 -0027.587890625 -00030.76171875 00004 -0001 00000
0001057.6171875 -0024.169921875 -0000009.765625 00008 -0001 00000
001044.67773438 -0023.193359375 -0013.916015625 00011 -0001 00000
0001051.7578125 -0000000015.625 -0027.587890625 00016 -0002 00001
001049.56054688 -0011.474609375 -00031.73828125 00022 -0001 00001
001049.56054688 -0011.962890625 -0008.544921875 00025 -0001 00001
0001032.2265625 -00000011.71875 00002.197265625 00027 -0001 00000
001039.55078125 000000.48828125 -0001.708984375 00028 -0001 00001
001051.26953125 -00001.46484375 00009.033203125 00028 -0001 00000
00001048.828125 -00005.37109375 00016.845703125 00028 -0001 00001
001044.18945312 -0013.427734375 00010.498046875 00026 -0001 00000
001046.38671875 -0007.080078125 00031.005859375 00027 -0001 00001
001038.81835938 -000004.8828125 0000018.5546875 00024 -0001 00000
001045.41015625 -0002.197265625 00017.333984375 00023 -0001 00000
001047.11914062 -00017.08984375 00017.333984375 00022 -0001 00000
00000001046.875 -0006.591796875 000007.32421875 00022 -0001 00000
001042.23632812 -00012.20703125 00013.427734375 00021 -0001 00001
001050.04882812 -00016.11328125 000023.92578125 00019 -0001 00000
001031.49414062 -000030.2734375 00023.681640625 00018 -0001 00001
001044.67773438 -0018.310546875 000031.73828125 00016 -0001 00001
001047.11914062 -0017.333984375 000042.48046875 00013 -0001 00000
001047.60742188 -00027.83203125 0000032.2265625 00007 -0001 00001
001047.60742188 -0025.146484375 000042.48046875 00002 -0001 00000
event
001047.11914062 -0000029.296875 -0022.705078125 00000 00000 00000
000000980.46875 -000012.6953125 00100.830078125 00006 -0006 00000
001062.25585938 -00027.83203125 -0000005.859375 00009 -0001 00000
0001049.8046875 -0023.681640625 -0010.498046875 00011 -0001 00000
001047.36328125 -0000025.390625 -0015.380859375 00012 -0001 00000
001040.77148438 -000000023.4375 -0003.662109375 00014 -0001 00000
001062.01171875 -0000000015.625 00002.685546875 00015 -0001 00000
001060.05859375 -0000017.578125 -0010.986328125 00016 -0001 00000
0000001054.6875 -00019.04296875 0000000000000.0 00018 -0001 00000
001045.41015625 -0012.939453125 00000009.765625 00018 -0001 00000
001048.58398438 -00000.48828125 -00000.48828125 00019 -0001 00000
001044.67773438 -0020.751953125 000020.99609375 00021 -0001 00000
001045.65429688 -0000013.671875 00008.544921875 00020 -0001 00001
001061.27929688 -000012.6953125 00021.728515625 00020 -0001 00000
001053.22265625 -00000000031.25 00009.033203125 00019 -0001 00000
001049.07226562 -00020.01953125 00023.681640625 00018 -0001 00000
001057.12890625 -0016.357421875 00008.544921875 00018 -0001 00000
001036.62109375 -000020.5078125 0000000023.4375 00017 -0001 00001
001045.41015625 -00020.01953125 000007.32421875 00017 -0001 00000
001049.56054688 -00021.97265625 000021.97265625 00016 -0001 00001
001053.22265625 -0019.287109375 00000000015.625 00014 -0001 00000
001046.14257812 -0021.728515625 00007.080078125 00014 -0001 00000
001043.70117188 -0019.775390625 00002.685546875 00015 -0001 00000
00001048.828125 -0018.798828125 000019.04296875 00014 -0001 00000
00001048.828125 -0014.892578125 00007.080078125 00013 -0001 00000
0001053.7109375 -00018.06640625 00000013.671875 00013 -0001 00000
0001045.8984375 -0020.263671875 000018.06640625 00011 -0001 00000
001049.56054688 -00020.99609375 0000000039.0625 00008 -0001 00000
00001048.828125 -0019.775390625 000030.76171875 00005 00001 00000
001044.67773438 -0000025.390625 00031.005859375 00002 -0001 00000
event
0000000992.1875 -00036.62109375 000041.50390625 00002 00003 00000
001123.77929688 00001.220703125 -0228.271484375 00023 00004 00001
0000981.4453125 00015.869140625 -0076.416015625 00047 -0003 00001
001058.83789062 000000066.40625 -0040.771484375 00060 -0001 00001
001049.07226562 0000034.1796875 000030.76171875 00058 -0002 00001
001046.63085938 00000072.265625 0000000007.8125 00058 -0001 00000
00001044.921875 0000055.6640625 00000044.921875 00056 -0001 00001
001046.63085938 00047.119140625 00037.353515625 00055 -0001 00001
001080.32226562 000039.55078125 0000036.1328125 00049 00001 00001
001038.81835938 -00013.18359375 00191.162109375 00030 -0001 00001
001040.52734375 -00022.94921875 00077.392578125 00012 00000 00000
001048.58398438 -00019.04296875 0000012.6953125 00006 00000 00000
000001058.59375 -0000021.484375 00003.173828125 00004 -0001 00000
001048.09570312 -00020.99609375 00021.240234375 00003 -0001 00000
0001049.8046875 -0027.099609375 00010.986328125 00002 -0001 00000
001049.07226562 -00030.76171875 000042.48046875 -0005 -0001 00000
event
0001055.6640625 -00047.36328125 -0000000078.125 00004 00001 00000
000000001031.25 -0004.150390625 -0115.966796875 00021 -0002 00000
0001049.8046875 000020.99609375 -0000103.515625 00040 -0001 00001
001010.49804688 000046.38671875 00042.236328125 00049 -0004 00000
000000001031.25 00039.794921875 00037.353515625 00052 -0001 00000
0001053.7109375 000037.59765625 00000017.578125 00049 00000 00001
001053.22265625 0000045.8984375 000003.41796875 00047 -0001 00001
001047.60742188 00000037.109375 00015.380859375 00046 -0002 00001
0001036.1328125 000026.85546875 0000000039.0625 00044 -0001 00001
00001044.921875 00019.775390625 000038.57421875 00040 -0001 00001
001032.71484375 0000002.9296875 00055.419921875 00034 -0001 00000
001040.28320312 -00004.39453125 00102.294921875 00024 -0001 00001
001048.58398438 -0019.287109375 00120.361328125 00010 -0001 00001
000001050.78125 -000026.3671875 00037.353515625 00002 -0001 00000
event
00883.544921875 000015.13671875 000000214.84375 00000 -0009 00000
00000982.421875 00050.537109375 000210.44921875 00013 -0009 00000
001043.21289062 -000006.8359375 -00079.58984375 00028 -0001 00001
001061.76757812 000000.48828125 -0052.490234375 00037 -0001 00001
00001041.015625 000020.01953125 -0043.212890625 00045 -0001 00001
001047.60742188 000036.62109375 00008.544921875 00048 -0001 00000
001036.86523438 00046.142578125 00010.498046875 00050 -0001 00001
001038.81835938 00041.259765625 00018.310546875 00049 -0001 00001
001044.67773438 00040.771484375 00028.076171875 00048 -0001 00001
00001037.109375 000027.83203125 000085.44921875 00040 -0001 00000
001047.60742188 -0006.103515625 00081.298828125 00028 -0001 00001
001049.56054688 -0006.591796875 0000036.1328125 00020 -0001 00001
001046.38671875 -0015.869140625 00046.142578125 00016 -0001 00000
000001050.78125 -0017.822265625 00091.064453125 00008 -0001 00001
001045.65429688 -0023.193359375 00054.931640625 00001 00001 00000
event
0001057.6171875 -0000025.390625 -0069.091796875 00006 00001 00000
001051.51367188 -000018.5546875 -0047.119140625 00016 -0001 00000
00001048.828125 -00014.16015625 -0055.419921875 00024 -0001 00000
001039.55078125 -0002.685546875 -0019.775390625 00031 -0001 00001
001030.51757812 000000011.71875 -0051.025390625 00035 -0002 00000
001042.48046875 000016.11328125 -0005.615234375 00037 -0001 00001
00001041.015625 00029.541015625 000020.99609375 00037 -0001 00001
00001048.828125 00010.986328125 00009.521484375 00036 -0001 00001
001045.16601562 00010.009765625 00023.193359375 00035 -0001 00001
001045.65429688 00010.009765625 00016.357421875 00034 -0001 00000
001046.38671875 000005.37109375 000012.20703125 00033 -0001 00000
001043.70117188 00000.244140625 000014.16015625 00032 -0001 00000
00001044.921875 00001.220703125 00000033.203125 00030 -0001 00000
001044.18945312 -0000001.953125 00035.888671875 00026 -0001 00001
001053.22265625 -0008.056640625 000074.70703125 00021 00000 00000
00000001046.875 -0018.310546875 000000050.78125 00012 -0001 00000
001031.98242188 -0023.193359375 00038.818359375 00006 -0001 00001
001053.22265625 -0025.634765625 000020.99609375 00004 -0001 00000
event
001061.76757812 -000028.3203125 -00000027.34375 00002 -0001 00000
001043.21289062 -0000025.390625 -00000042.96875 00009 00001 00001
00001048.828125 -000018.5546875 -0044.189453125 00015 -0001 00000
001052.97851562 -0014.404296875 -0036.376953125 00021 -0001 00000
001051.02539062 -00005.37109375 -00015.13671875 00024 -0001 00000
001047.36328125 0000000.9765625 -0023.193359375 00028 -0001 00000
001050.04882812 -0001.708984375 -00009.27734375 00031 -0001 00001
00001044.921875 0000000.9765625 00000001.953125 00033 -0001 00000
001058.34960938 000003.41796875 00000021.484375 00032 -0001 00000
0001045.8984375 00004.638671875 000008.30078125 00032 -0001 00000
001042.48046875 00000005.859375 00029.541015625 00031 -0001 00001
00001041.015625 00002.197265625 000017.08984375 00030 -0001 00001
0001045.8984375 000012.20703125 000028.80859375 00029 -0001 00001
001044.67773438 00001.220703125 00015.869140625 00028 -0001 00000
000001042.96875 -00003.41796875 000017.08984375 00026 -0001 00001
0001043.9453125 -0007.080078125 00043.701171875 00025 -0001 00000
001049.56054688 -000010.7421875 0000043.9453125 00023 -0001 00001
001040.52734375 -00012.20703125 00038.330078125 00018 -0001 00000
001033.69140625 -00029.78515625 00055.419921875 00013 -0001 00000
001040.52734375 -0027.587890625 0000047.8515625 00006 -0001 00000
event
001059.32617188 -0000013.671875 -0244.384765625 00016 -0001 00001
00001052.734375 000050.29296875 -00229.00390625 00053 -0001 00001
001097.90039062 00100.341796875 -00056.15234375 00070 00003 00001
001044.18945312 000098.14453125 00047.607421875 00067 -0001 00001
001053.95507812 00091.552734375 -0001.220703125 00065 -0001 00001
001048.33984375 00076.416015625 00000041.015625 00062 -0001 00001
001042.23632812 0000083.0078125 00026.123046875 00060 -0001 00001
001048.09570312 0000043.9453125 00000263.671875 00048 -0001 00001
001041.25976562 -00019.04296875 00203.369140625 00012 -0001 00000
event
00945.068359375 000020.01953125 -00000144.53125 00032 -0008 00001
001113.03710938 00258.056640625 -00561.03515625 00099 00001 00001
001055.90820312 000354.98046875 0000163.0859375 00121 -0001 00001
001003.66210938 00218.017578125 00188.232421875 00099 -0007 00000
001019.77539062 0000139.6484375 00320.068359375 00073 -0002 00001
001046.63085938 -0007.568359375 0000354.4921875 00024 -0001 00000
event
001036.62109375 -00030.76171875 -0000080.078125 00001 -0002 00000
001007.32421875 -0002.685546875 -00211.42578125 00030 -0004 00000
001064.20898438 000045.41015625 -000067.3828125 00052 00001 00000
001177.00195312 00108.154296875 00171.630859375 00057 -0004 00000
0001073.2421875 00054.443359375 000047.36328125 00056 -0002 00001
001039.30664062 00060.791015625 00007.080078125 00054 -0001 00001
001041.74804688 00057.861328125 000025.87890625 00053 -0001 00001
001047.11914062 00044.189453125 00027.099609375 00050 00001 00001
001044.67773438 00033.447265625 000032.71484375 00047 -0001 00001
001047.36328125 000010.25390625 00120.849609375 00035 -0001 00001
001041.74804688 -0013.427734375 00122.314453125 00020 -0001 00000
00001048.828125 -0019.287109375 000000074.21875 00005 -0001 00000
0001047.8515625 -00022.94921875 00016.357421875 00002 -0001 00000
001045.41015625 -0020.263671875 000021.97265625 00001 -0001 00000
event



