event
001044.43359375 -00008.30078125 -0146.728515625 00014 -0001 00000
001050.04882812 00000000015.625 -0118.408203125 00033 00000 00000
000000001031.25 00047.119140625 -00108.88671875 00048 00000 00000
001041.74804688 00078.857421875 -0044.189453125 00057 00000 00000
001032.95898438 0000084.9609375 -0003.662109375 00059 00000 00001
001043.70117188 000077.63671875 000005.37109375 00057 00000 00000
001032.95898438 000068.84765625 000010.25390625 00054 00000 00000
001051.51367188 00057.861328125 000011.23046875 00050 00000 00000
001049.31640625 00041.748046875 00060.791015625 00043 00000 -0002
00001052.734375 000000011.71875 00097.412109375 00030 00000 00000
001045.41015625 00002.197265625 00069.091796875 00017 00000 00000
001047.11914062 -00000003.90625 000029.78515625 00011 00000 00000
001043.45703125 -0008.056640625 00000033.203125 00004 -0001 00000
event
001049.56054688 -00016.11328125 -0081.787109375 00005 -0001 00000
0001040.0390625 -000014.6484375 -00122.55859375 00020 -0001 00000
0001047.8515625 000022.94921875 -00098.14453125 00034 00000 00000
001050.53710938 00031.982421875 -0067.138671875 00045 00000 00000
001042.48046875 000069.82421875 -00046.38671875 00051 00000 00000
001045.41015625 0000071.2890625 -0000001.953125 00054 00000 00000
001043.70117188 0000063.4765625 00000009.765625 00052 00000 00001
001029.78515625 00060.791015625 00000005.859375 00050 -0001 -0002
001031.49414062 00000048.828125 00013.916015625 00047 00000 00000
0001049.8046875 00044.189453125 00017.333984375 00043 00000 00000
001061.03515625 000022.94921875 00103.271484375 00034 -0001 00000
001043.21289062 000003.41796875 00107.177734375 00020 00000 00000
001034.42382812 -0012.451171875 00038.818359375 00005 -0001 00000
001052.00195312 -0013.916015625 00000005.859375 00001 00000 00000
event
00000001046.875 -0014.404296875 -00168.45703125 00008 00001 00000
001048.58398438 000010.25390625 -0130.126953125 00030 -0001 00000
001048.33984375 00049.072265625 -0121.337890625 00046 00000 00000
001062.25585938 00078.369140625 -0118.896484375 00061 00000 00000
001062.25585938 00000119.140625 -00000042.96875 00070 00000 -0001
001045.16601562 00124.267578125 00022.705078125 00070 00000 00001
0001061.5234375 00092.041015625 00000076.171875 00062 00000 00000
000001050.78125 000050.29296875 00118.896484375 00043 00000 00000
0001038.0859375 0000012.6953125 000088.37890625 00026 00000 00000
001046.63085938 -0000005.859375 000081.54296875 00012 00000 00000
001047.60742188 -000010.7421875 00037.841796875 00002 -0001 00000
event
001041.50390625 -0012.939453125 -0100.830078125 00003 -0001 00000
001047.11914062 -0003.662109375 -000329.1015625 00030 00000 00000
0001032.2265625 0000170.8984375 -0375.732421875 00081 00000 -0001
000000001031.25 00270.263671875 00014.404296875 00101 00000 -0001
001050.04882812 00208.251953125 000159.66796875 00094 00000 -0001
001049.07226562 0000112.3046875 00211.181640625 00064 -0002 00001
001043.70117188 00028.076171875 00180.419921875 00035 -0001 00000
00001048.828125 -00008.30078125 000138.18359375 00008 -0001 00000
event
001048.33984375 -0015.380859375 -0000005.859375 -0002 -0001 00000
0001041.9921875 -0000009.765625 -00000058.59375 00000 -0001 00000
001043.70117188 -0010.009765625 -0131.591796875 00015 -0001 00000
001043.45703125 00020.751953125 -0136.962890625 00034 -0002 00000
0001043.9453125 000061.03515625 -0062.255859375 00046 00000 00000
001040.77148438 00060.791015625 -0022.705078125 00050 -0002 00000
001051.02539062 000058.10546875 -0011.474609375 00051 00000 00000
001049.56054688 00051.513671875 -0014.404296875 00049 00000 00000
001056.39648438 00000052.734375 -00006.34765625 00047 00000 00000
001059.32617188 00062.255859375 00011.474609375 00044 00000 00000
0001045.8984375 000036.62109375 0000030.2734375 00039 00000 00000
001046.63085938 000000019.53125 00066.162109375 00030 -0001 00000
001031.98242188 00003.173828125 000077.63671875 00019 00000 00000
001047.60742188 -00000011.71875 0000079.1015625 00008 -0001 00000
event
001046.14257812 -00020.01953125 -00061.03515625 00000 -0001 00000
001046.38671875 -00012.20703125 -0128.662109375 00012 -0001 00000
001043.21289062 00010.986328125 -0000138.671875 00030 00000 00000
001044.67773438 0000045.8984375 -00076.66015625 00045 00000 00000
001057.86132812 000047.36328125 -00000035.15625 00052 00000 00000
001041.25976562 00066.162109375 -00002.44140625 00053 00000 00000
001044.43359375 0000059.5703125 -00014.16015625 00051 00000 00000
001036.86523438 0000057.6171875 00012.939453125 00048 00000 00000
001054.19921875 00030.517578125 000000027.34375 00042 00000 00000
001043.45703125 00024.658203125 00058.349609375 00033 -0001 00000
001045.16601562 00001.708984375 00061.767578125 00023 -0001 00000
001033.69140625 -00000.48828125 00000021.484375 00017 00000 00000
001041.74804688 -00009.27734375 00041.259765625 00010 -0001 00000
001051.26953125 -00011.23046875 00000033.203125 00003 -0001 00000
event
001049.56054688 -00020.99609375 -000221.6796875 00009 -0001 00000
001045.41015625 00023.681640625 -000000000187.5 00038 00000 00000
00001041.015625 00000068.359375 -0052.001953125 00055 00000 00000
001045.41015625 00071.533203125 00000.732421875 00056 00000 00000
001041.50390625 000063.96484375 0000024.4140625 00053 00000 00000
001050.29296875 00055.908203125 00048.583984375 00047 -0002 -0002
001043.21289062 000023.92578125 00135.986328125 00035 00000 00000
0001049.8046875 -000006.8359375 -0063.232421875 00014 00000 00000
001068.11523438 0000000000000.0 -0138.916015625 00018 00001 00000
001044.43359375 00012.939453125 -000020.5078125 00022 00000 00000
001050.53710938 00002.197265625 0000028.3203125 00020 00000 00000
00001048.828125 -0005.615234375 00047.119140625 00013 -0001 00000
001032.47070312 -000010.7421875 00055.419921875 00005 -0001 00000
event
0001053.7109375 -0001.220703125 -00087.40234375 00006 -0001 00000
001046.38671875 -0004.150390625 -0110.107421875 00018 00000 00000
001042.72460938 0000010.7421875 -00099.12109375 00032 00000 00000
000001042.96875 00032.958984375 -00038.57421875 00040 00000 00000
001050.29296875 00000044.921875 -0023.193359375 00044 00000 00000
00001044.921875 00050.537109375 -0030.517578125 00047 00000 00000
001047.11914062 00049.560546875 -0013.916015625 00048 00000 00000
001038.81835938 00059.326171875 -0000005.859375 00048 -0001 00001
001044.67773438 000031.73828125 -0012.451171875 00046 00000 00000
00974.365234375 00042.236328125 00171.630859375 00043 -0006 00000
001038.33007812 0000016.6015625 00226.806640625 00030 00000 00000
001041.25976562 -00009.27734375 0000116.2109375 00011 00000 00000
001049.31640625 -00000011.71875 000020.01953125 00002 00000 00000
event
001031.49414062 -000014.6484375 -00000019.53125 00000 -0001 00000
001040.28320312 -0008.544921875 -0038.818359375 00002 -0001 00000
00001044.921875 -0014.892578125 -0020.751953125 00006 -0001 00000
001047.36328125 -00018.06640625 -00031.73828125 00009 -0001 00000
001046.63085938 -000000007.8125 -0022.705078125 00012 -0001 00000
00001048.828125 -000006.8359375 -000028.3203125 00014 00000 00000
001046.63085938 -0000001.953125 -000022.4609375 00016 00001 00000
001042.48046875 -0000013.671875 -000014.6484375 00017 00000 00000
001043.70117188 -000000.9765625 -00000011.71875 00018 00000 00000
0001043.9453125 -0000.244140625 -0008.056640625 00019 -0001 00000
001046.14257812 0000000000000.0 -0010.009765625 00019 00001 00000
001043.21289062 -00000.48828125 -0001.708984375 00019 00001 00000
001047.36328125 -0005.126953125 -000014.6484375 00019 00000 00000
001044.67773438 -00005.37109375 -0000.244140625 00019 -0001 00000
001050.04882812 00001.220703125 -0000.244140625 00019 -0002 00000
001045.41015625 -00000.48828125 -000004.8828125 00019 00000 00000
001042.48046875 -000014.6484375 -0005.615234375 00020 00001 00000
001033.93554688 00013.916015625 -00020.99609375 00020 00001 00000
001061.76757812 -0002.197265625 -0010.986328125 00019 -0001 00000
0001041.9921875 00000.732421875 -0000.244140625 00019 00001 00000
000000001031.25 -0000005.859375 00001.220703125 00017 -0001 00000
0001059.5703125 -0001.708984375 00001.220703125 00015 -0001 00000
001050.04882812 -00000003.90625 00007.080078125 00015 00000 00000
001043.70117188 -0005.615234375 000027.83203125 00010 -0001 00000
001060.05859375 -0008.056640625 00008.056640625 00006 -0001 00000
0001061.5234375 -0008.056640625 00000.244140625 00003 00000 00000
001050.04882812 -0011.474609375 000008.30078125 00000 -0001 00000
event
001058.34960938 -000030.2734375 -00121.58203125 00005 -0001 00000
001031.49414062 -0000.244140625 -0000000171.875 00024 00000 00000
001047.11914062 00035.400390625 -0129.638671875 00043 00000 00000
001041.25976562 0000075.1953125 -0067.626953125 00056 00000 -0001
001048.09570312 00082.763671875 -00020.99609375 00059 00000 00001
001057.12890625 00089.599609375 -000008.7890625 00060 00000 00000
001056.88476562 000092.28515625 00001.708984375 00056 00001 -0002
001045.16601562 000058.10546875 00086.181640625 00046 -0001 00000
001051.26953125 000013.18359375 0000135.7421875 00029 00000 00000
000001058.59375 -0001.708984375 0000094.7265625 00010 00001 00000
event
000999.51171875 -000018.5546875 00016.357421875 00001 -0005 00000
001046.63085938 -0004.638671875 -0177.490234375 00023 -0001 00000
001043.70117188 00033.447265625 -0095.458984375 00039 00000 00000
001039.55078125 00048.583984375 -00059.08203125 00048 00000 00000
001052.49023438 000073.73046875 -00060.05859375 00055 00000 00000
00001044.921875 0000079.1015625 -0006.103515625 00056 00000 00000
001070.80078125 00065.673828125 -0030.029296875 00054 00001 -0001
001033.69140625 00061.279296875 000000027.34375 00052 -0002 00001
001034.91210938 00077.880859375 00002.197265625 00051 00000 00000
001045.41015625 000054.19921875 000033.69140625 00048 -0001 00000
0001034.1796875 -000004.8828125 0000168.9453125 00013 00000 00000
000001050.78125 -0011.962890625 00005.126953125 00000 00001 00000
event
001049.56054688 -00011.23046875 -0096.435546875 00002 00000 00000
000001050.78125 -0007.568359375 -0156.494140625 00019 00000 00000
001045.65429688 00029.052734375 -0168.701171875 00040 00000 00000
001049.31640625 00073.974609375 -000079.1015625 00057 00000 00000
001051.26953125 00000080.078125 0000024.4140625 00057 00000 00000
001049.56054688 000055.17578125 000044.43359375 00050 00000 00000
001033.69140625 00046.142578125 0000061.5234375 00043 -0002 00000
00001048.828125 00026.611328125 000033.69140625 00036 -0001 00000
001044.18945312 00008.544921875 00000052.734375 00028 -0002 00000
00001044.921875 0000002.9296875 0000041.9921875 00022 -0001 00000
000001050.78125 -0014.404296875 000030.76171875 00016 00001 00000
001044.43359375 -00001.46484375 00004.638671875 00012 00000 00000
001031.98242188 -0010.009765625 0000000007.8125 00009 -0001 00000
001045.41015625 -0013.916015625 0000022.4609375 00005 -0001 00000
00001048.828125 -0011.474609375 00019.775390625 00000 00000 00000
event
001044.43359375 -0008.544921875 -0244.384765625 00023 -0002 00000
000000001031.25 0000061.5234375 -00148.92578125 00053 -0002 00000
001057.37304688 00099.365234375 -000018.5546875 00064 -0002 00001
00001048.828125 000000000093.75 000004.39453125 00062 00000 -0001
0001047.8515625 00087.158203125 -0003.173828125 00060 00000 -0001
00000001046.875 000074.70703125 00009.521484375 00058 00000 00000
001048.33984375 00052.001953125 00178.955078125 00047 00000 -0001
001045.16601562 000008.30078125 000140.13671875 00022 -0001 00000
001056.39648438 -0015.380859375 00051.025390625 00005 00000 00000
0001047.8515625 -0009.033203125 -000000.9765625 00001 00001 00000
event
000000001031.25 -0001.220703125 -0102.783203125 00004 -0001 00000
001041.74804688 000018.06640625 -00373.53515625 00033 -0001 00000
001044.43359375 00134.033203125 -0145.263671875 00074 00000 -0001
0001043.9453125 00180.908203125 -0092.529296875 00084 00000 -0001
001027.83203125 0000223.6328125 000093.26171875 00091 00000 -0001
001050.04882812 000115.72265625 000000308.59375 00069 00000 00000
001052.00195312 00026.123046875 00270.263671875 00034 00000 00000
001035.64453125 -0000005.859375 00074.462890625 00009 -0001 00000
event
001044.18945312 -00018.06640625 -0160.400390625 00005 -0001 00000
001046.14257812 0000000000000.0 -000221.6796875 00034 -0001 00000
001047.11914062 0000079.1015625 -0141.845703125 00058 00000 00000
0001045.8984375 0000131.8359375 -00082.51953125 00071 00000 -0001
001050.53710938 00130.615234375 00006.103515625 00073 00000 -0001
001058.83789062 0000000117.1875 -0016.845703125 00070 00001 -0001
00001025.390625 00060.791015625 00351.806640625 00052 -0002 00000
000001042.96875 000001.46484375 00182.373046875 00015 00000 00000
event
001045.16601562 -0011.962890625 -000043.9453125 00001 -0001 00000
001062.01171875 -00000.48828125 -000094.7265625 00010 -0001 00000
001053.46679688 -0003.662109375 -00085.44921875 00021 -0002 00000
001041.25976562 00009.521484375 -0000064.453125 00031 -0001 00000
001045.16601562 00025.634765625 -0000044.921875 00037 00000 00000
001043.45703125 00034.912109375 -0016.357421875 00041 00000 00000
001061.03515625 00035.400390625 -0031.005859375 00042 00000 00000
000001042.96875 000040.52734375 0000000007.8125 00042 00000 00000
001036.37695312 00031.982421875 -00011.23046875 00041 00001 00000
0001043.9453125 000026.85546875 0000000000000.0 00039 00000 00000
001049.56054688 00028.076171875 -00000011.71875 00038 00000 00000
001041.25976562 00026.123046875 0000010.7421875 00036 -0002 00000
0001047.8515625 -0000.732421875 0000104.4921875 00018 -0002 00000
000000001031.25 -0010.009765625 000002.44140625 00007 -0002 00000
00001048.828125 -0015.869140625 -0014.892578125 00006 00000 00000
001035.40039062 -000010.7421875 000013.18359375 00005 -0001 00000
001044.43359375 -00012.20703125 -0011.962890625 00003 -0001 00000
001042.23632812 -000006.8359375 -00015.13671875 00002 -0001 00000
001049.31640625 -0013.427734375 0000000.9765625 00001 -0001 00000
0001059.5703125 -0009.521484375 -0000000015.625 00000 -0001 00000
event
001049.31640625 -0001.708984375 -000233.3984375 00023 -0001 00000
001046.38671875 00048.583984375 -00000136.71875 00047 00000 00000
001043.45703125 00051.513671875 00000.244140625 00051 00000 00000
001060.05859375 0000000054.6875 -0000005.859375 00050 00000 00000
001050.04882812 000051.26953125 -0008.544921875 00048 00000 00000
001049.56054688 000050.29296875 00001.220703125 00047 00000 -0002
001029.05273438 00000037.109375 00098.388671875 00045 -0001 00000
001045.65429688 000034.66796875 0000000070.3125 00039 -0001 00000
001058.34960938 000010.25390625 00094.970703125 00027 -0001 00000
000001042.96875 000000.48828125 000000089.84375 00014 -0001 00000
001043.70117188 -0011.474609375 000030.76171875 00004 00000 00000
001047.11914062 -0018.310546875 -00006.34765625 00000 -0001 00000
event
001058.10546875 -0026.123046875 -00126.46484375 00005 -0001 00000
001039.30664062 -0001.708984375 -0145.263671875 00024 00000 00000
001032.71484375 0000024.4140625 -0103.271484375 00039 00000 00000
001038.81835938 00048.583984375 -000077.1484375 00050 00000 00000
0001045.8984375 000068.84765625 -0017.333984375 00054 00000 00000
001047.11914062 00063.232421875 00005.615234375 00053 00000 00000
001068.84765625 0000053.7109375 -000000023.4375 00049 00001 00000
0001051.7578125 00041.748046875 000043.45703125 00044 00000 00000
001043.70117188 00000033.203125 0000000007.8125 00040 -0002 00000
001046.63085938 000022.94921875 00025.634765625 00035 00000 00000
001046.63085938 00001.220703125 0000114.2578125 00023 00000 00000
001045.41015625 -0008.056640625 00075.439453125 00008 -0002 00000
event
001042.48046875 -00012.20703125 -000112.3046875 00007 00000 00000
001058.10546875 00000.244140625 -00128.41796875 00025 00000 00000
001046.38671875 00027.587890625 -00067.87109375 00038 00000 00000
000001042.96875 000049.31640625 -0000025.390625 00045 00000 00000
001041.74804688 000043.45703125 0000000.9765625 00045 00000 00000
001044.43359375 0000043.9453125 -00000.48828125 00044 00000 00000
001061.03515625 000041.50390625 -000000.9765625 00042 00000 00000
001055.90820312 0000036.1328125 -00008.30078125 00041 00001 00000
001048.33984375 00035.400390625 00003.662109375 00040 00000 00000
000001050.78125 00024.169921875 000023.92578125 00037 00000 00000
001046.63085938 00006.591796875 00113.525390625 00023 -0001 00000
001043.70117188 -0006.103515625 00069.580078125 00009 -0001 00000
001031.00585938 -00007.32421875 00025.634765625 00001 -0001 00000
event
001031.98242188 -0001.708984375 -0121.337890625 00007 00001 00000
001048.09570312 000003.41796875 -0000142.578125 00025 00000 00000
001041.74804688 0000024.4140625 -0093.017578125 00040 00000 00000
00000001046.875 000033.69140625 -000000007.8125 00046 00000 00000
001040.52734375 000040.52734375 0000000000000.0 00045 -0001 00000
001049.07226562 000041.50390625 -0000.732421875 00044 00000 00000
000001058.59375 000043.45703125 000006.34765625 00042 00000 00000
001036.86523438 000036.62109375 -0000.732421875 00041 -0001 00000
001046.14257812 00034.912109375 000000011.71875 00039 00000 00000
001037.59765625 00027.587890625 000088.37890625 00035 -0001 00000
001044.43359375 000000011.71875 00069.580078125 00024 00000 00000
001039.79492188 -0005.615234375 0000063.4765625 00014 00000 00000
001043.70117188 -00009.27734375 0000045.8984375 00003 00000 00000
event
001045.41015625 -00000019.53125 -0151.611328125 00003 -0001 00000
001045.41015625 0000018.5546875 -00173.33984375 00032 -0002 00000
001045.41015625 00058.349609375 -0082.275390625 00050 00000 00000
001062.25585938 00068.603515625 -00000000031.25 00056 00000 00000
000001042.96875 000076.66015625 -000018.5546875 00057 00000 00000
001039.79492188 000077.63671875 -0003.662109375 00056 00000 00000
001053.95507812 00067.626953125 000008.30078125 00053 00000 00000
001051.26953125 000046.38671875 00076.904296875 00048 00000 00000
001047.60742188 0000000023.4375 0000096.6796875 00034 00000 00000
001031.49414062 000000.48828125 000110.83984375 00017 00000 00000
001045.65429688 -0011.474609375 0000075.1953125 00003 -0001 00000
event
001047.60742188 -0006.103515625 -0081.787109375 00006 -0001 00000
001043.45703125 -000000007.8125 -0096.923828125 00016 00001 00000
001050.53710938 0000006.8359375 -0086.181640625 00028 -0002 00000
001048.33984375 0000026.3671875 -000034.1796875 00036 00001 00000
00001033.203125 00028.076171875 -0000001.953125 00036 -0002 00000
001045.65429688 00023.681640625 -0012.451171875 00035 00000 00000
001049.07226562 00020.263671875 -0012.939453125 00034 00000 00000
000001042.96875 00019.775390625 -0003.662109375 00033 00000 00000
001046.38671875 00018.310546875 -0007.568359375 00032 00000 00000
001048.33984375 00000000015.625 -0000.732421875 00031 00000 00000
001046.63085938 000010.25390625 00005.126953125 00029 00000 00000
001047.60742188 00013.427734375 0000000070.3125 00023 00000 00000
00001033.203125 -0005.126953125 00038.330078125 00015 -0001 00000
001041.25976562 -0006.591796875 000042.48046875 00010 -0001 00000
001047.60742188 -00010.25390625 0000000039.0625 00000 -0001 00000
event
001049.56054688 -00009.27734375 -0237.060546875 00011 -0001 00000
001048.33984375 0000049.8046875 -00207.51953125 00047 00000 00000
001033.44726562 000116.69921875 -000145.5078125 00068 00000 00000
001032.47070312 00153.076171875 -0017.822265625 00078 00000 -0001
001046.14257812 00139.404296875 00012.939453125 00076 00000 -0001
001039.79492188 00128.173828125 00084.716796875 00070 -0002 -0001
001048.33984375 000049.31640625 000211.42578125 00046 00000 00000
001040.28320312 -00006.34765625 000167.48046875 00011 00001 00000
event
001045.65429688 -00000011.71875 -0182.373046875 00008 00001 00000
001044.67773438 00010.986328125 -0137.451171875 00030 00000 00000
001031.98242188 00059.814453125 -0133.056640625 00047 00000 00000
0001043.9453125 00083.740234375 -0038.330078125 00058 00000 00000
00001052.734375 00090.576171875 -0005.615234375 00058 00000 -0001
001060.79101562 00072.998046875 -0001.220703125 00056 00000 00000
001050.04882812 000063.96484375 000017.08984375 00053 -0002 -0001
001048.58398438 0000055.6640625 00018.798828125 00049 00000 00000
001031.73828125 00038.330078125 000128.41796875 00042 -0001 00000
001046.63085938 -00002.44140625 00000142.578125 00017 -0002 00000
001048.58398438 -000016.6015625 00048.583984375 00003 -0001 00000
event
001045.65429688 -000014.6484375 -000032.2265625 00002 -0001 00000
001048.33984375 -000020.5078125 -000040.0390625 00006 -0001 00000
001041.25976562 -0009.033203125 -00034.66796875 00010 -0001 00000
001060.79101562 -0002.685546875 -0014.892578125 00013 00000 00000
001048.33984375 -0005.126953125 -00004.39453125 00014 -0001 00000
001056.88476562 -0005.126953125 -0014.892578125 00015 -0001 00000
001033.44726562 -000008.7890625 -00000019.53125 00015 -0001 00000
001040.52734375 -00009.27734375 -0014.892578125 00016 00001 00000
001044.18945312 -0002.685546875 -0012.939453125 00016 -0001 00000
001048.09570312 -0000001.953125 -00004.39453125 00017 -0001 00000
00001044.921875 -0003.173828125 -00000003.90625 00017 00001 00000
001045.41015625 -00002.44140625 -0008.056640625 00017 -0001 00000
001059.08203125 -0006.103515625 -0011.474609375 00017 -0001 00000
001045.41015625 -00000003.90625 -0010.498046875 00017 -0001 00000
001047.60742188 00001.220703125 -00008.30078125 00017 -0001 00000
001049.56054688 -0000.244140625 -00002.44140625 00016 -0001 00000
001047.11914062 -0003.662109375 -0000017.578125 00016 00000 00000
001061.27929688 -0004.150390625 -00011.23046875 00016 00000 00000
001059.32617188 -0013.427734375 0000002.9296875 00016 -0001 00000
001052.97851562 -000000007.8125 -0008.056640625 00015 00000 00000
001040.52734375 -0000005.859375 -000000007.8125 00014 -0001 00000
00001048.828125 -0002.685546875 0000000000000.0 00013 00001 00000
0001059.5703125 -0006.591796875 0000004.8828125 00012 00000 00000
001035.40039062 -0011.962890625 00002.197265625 00010 00000 00000
001043.70117188 -00010.25390625 000012.20703125 00007 -0002 00000
001043.21289062 -00005.37109375 00007.568359375 00005 -0001 00000
001045.41015625 -00011.23046875 0000024.4140625 00001 -0001 00000
event
001051.02539062 -0030.029296875 -00363.76953125 00008 00000 00000
0001041.9921875 0000010.7421875 00015.869140625 00026 -0001 00000
001037.35351562 00010.009765625 -0001.220703125 00025 00000 00000
000001042.96875 00009.521484375 -00000011.71875 00025 00000 00000
001043.21289062 00005.615234375 0000006.8359375 00024 00000 00000
001049.31640625 00000.244140625 00000001.953125 00023 00000 00000
0001040.0390625 -000000.9765625 -000010.7421875 00022 00000 00000
001045.65429688 00000.244140625 0000002.9296875 00022 -0001 00000
0001059.5703125 0000006.8359375 0000014.6484375 00021 00000 00000
001042.72460938 -0000001.953125 -00014.16015625 00020 00000 00000
0001047.8515625 -0000.244140625 -00011.23046875 00019 00000 00000
001041.50390625 000001.46484375 000010.25390625 00018 00000 00000
001048.33984375 -0006.103515625 -0008.544921875 00017 00000 00000
001044.43359375 -0005.615234375 -0014.404296875 00016 00001 00000
0001059.5703125 -0005.126953125 0000000.9765625 00014 -0001 00000
001047.11914062 -0006.103515625 00003.173828125 00011 00001 00000
001044.43359375 -00005.37109375 -0004.150390625 00012 00000 00000
0001047.8515625 -0005.615234375 -00002.44140625 00010 00000 00000
001044.67773438 -000012.6953125 000012.20703125 00009 00001 00000
001047.36328125 -00008.30078125 -0005.615234375 00008 -0001 00000
001042.48046875 -0014.892578125 00000.732421875 00006 00001 00000
001049.56054688 -00010.25390625 -000000.9765625 00005 00000 00000
00001041.015625 -0010.986328125 00000005.859375 00003 -0001 00000
001049.31640625 -0010.009765625 -0012.939453125 00002 -0002 00000
00001041.015625 -000014.6484375 00003.173828125 00000 -0001 00000

